desc: I1 cache:         32768 B, 64 B, 8-way associative
desc: D1 cache:         32768 B, 64 B, 8-way associative
desc: LL cache:         131072 B, 64 B, 8-way associative
cmd: ./loop_merge
events: Ir I1mr ILmr Dr D1mr DLmr Dw D1mw DLmw 
fl=./csu/../csu/libc-start.c
fn=(below main)
137 13 0 0 0 0 0 9 0 0
141 4 1 1 1 0 0 1 0 0
237 2 0 0 0 0 0 0 0 0
238 3 0 0 0 0 0 1 0 0
260 4 1 1 2 0 0 0 0 0
263 2 0 0 0 0 0 0 0 0
264 5 0 0 4 0 0 1 0 0
268 4 0 0 2 0 0 0 0 0
283 2 0 0 0 0 0 0 0 0
295 2 1 1 0 0 0 1 0 0
296 2 0 0 0 0 0 0 0 0
301 2 0 0 1 1 0 1 0 0
302 2 0 0 1 1 1 1 0 0
305 2 0 0 0 0 0 1 0 0
308 7 1 1 5 0 0 1 0 0
342 1 0 0 0 0 0 1 0 0
fl=./csu/init-first.c
fn=_init
52 3 1 1 0 0 0 1 0 0
55 4 0 0 1 1 0 1 0 0
62 5 2 2 4 1 0 0 0 0
67 1 0 0 0 0 0 1 1 0
68 1 0 0 0 0 0 1 0 0
69 2 0 0 1 0 0 1 1 1
77 2 0 0 0 0 0 1 0 0
80 1 0 0 0 0 0 0 0 0
85 2 0 0 1 0 0 0 0 0
fl=./ctype/ctype-info.c
fn=__ctype_init
31 7 1 1 5 3 0 1 0 0
33 4 1 1 2 1 0 1 0 0
35 4 0 0 2 0 0 1 0 0
36 1 0 0 1 0 0 0 0 0
fl=./elf/../elf/dl-sysdep.c
fn=_dl_sysdep_start
89 8 2 2 0 0 0 6 1 1
90 2 0 0 1 1 1 0 0 0
91 1 0 0 0 0 0 0 0 0
113 1 0 0 0 0 0 1 0 0
114 177 1 1 57 7 7 4 2 2
117 2 0 0 0 0 0 1 0 0
118 1 0 0 0 0 0 1 1 1
120 137 6 6 36 3 3 19 1 1
121 108 1 1 17 3 3 0 0 0
124 1 1 1 1 0 0 0 0 0
127 1 0 0 1 0 0 0 0 0
130 1 1 1 1 0 0 0 0 0
131 1 0 0 0 0 0 0 0 0
133 1 0 0 1 1 1 0 0 0
134 1 0 0 0 0 0 0 0 0
154 1 1 1 1 0 0 0 0 0
155 1 0 0 0 0 0 0 0 0
157 1 0 0 1 0 0 0 0 0
158 1 0 0 0 0 0 0 0 0
160 2 2 2 1 1 1 1 0 0
161 1 0 0 0 0 0 1 0 0
166 2 0 0 1 0 0 1 0 0
167 1 0 0 0 0 0 1 0 0
182 2 0 0 1 0 0 1 0 0
183 2 0 0 0 0 0 1 0 0
223 1 1 1 0 0 0 1 0 0
234 1 0 0 0 0 0 0 0 0
235 2 1 1 0 0 0 2 0 0
237 5 0 0 0 0 0 1 0 0
249 3 0 0 1 0 0 0 0 0
252 5 0 0 1 0 0 1 0 0
253 1 1 1 1 1 0 0 0 0
254 8 0 0 7 1 0 0 0 0
fn=_dl_sysdep_start_cleanup
259 1 1 1 1 0 0 0 0 0
fl=./elf/../elf/dl-tls.c
fn=_dl_add_to_slotinfo
944 7 1 1 0 0 0 4 0 0
950 1 1 1 1 0 0 0 0 0
953 1 0 0 1 1 1 0 0 0
954 1 0 0 0 0 0 0 0 0
958 3 0 0 1 0 0 0 0 0
999 2 0 0 0 0 0 0 0 0
1001 1 1 1 0 0 0 1 1 0
1002 5 0 0 1 1 1 1 0 0
1004 6 0 0 5 0 0 0 0 0
fn=_dl_allocate_tls_init
494 8 1 1 0 0 0 7 0 0
495 2 0 0 0 0 0 0 0 0
499 2 0 0 1 1 0 1 0 0
501 1 0 0 0 0 0 1 0 0
502 2 0 0 0 0 0 0 0 0
505 3 0 0 2 1 0 0 0 0
517 1 0 0 1 0 0 0 0 0
522 12 1 1 3 0 0 0 0 0
528 5 1 1 1 0 0 0 0 0
531 3 0 0 1 0 0 0 0 0
532 2 0 0 0 0 0 0 0 0
538 3 1 1 2 0 0 0 0 0
539 2 0 0 0 0 0 0 0 0
541 5 0 0 2 0 0 1 0 0
542 1 0 0 0 0 0 1 0 0
544 2 1 1 0 0 0 0 0 0
545 2 0 0 1 0 0 0 0 0
548 2 0 0 0 0 0 0 0 0
549 4 0 0 2 0 0 0 0 0
551 2 0 0 0 0 0 0 0 0
552 2 0 0 1 0 0 0 0 0
561 1 0 0 0 0 0 1 0 0
564 8 0 0 1 0 0 2 0 0
578 2 0 0 1 0 0 1 0 0
581 9 1 1 8 0 0 0 0 0
fn=_dl_allocate_tls_storage
342 2 0 0 1 0 0 0 0 0
343 3 0 0 0 0 0 1 0 0
344 2 0 0 0 0 0 0 0 0
347 1 0 0 0 0 0 1 1 1
353 2 1 1 0 0 0 1 0 0
389 3 1 1 0 0 0 3 0 0
391 1 0 0 1 0 0 0 0 0
402 1 0 0 1 0 0 0 0 0
403 2 0 0 0 0 0 1 0 0
404 3 1 1 0 0 0 0 0 0
412 4 0 0 0 0 0 0 0 0
413 1 0 0 0 0 0 0 0 0
417 297 1 1 0 0 0 289 36 36
436 1 0 0 0 0 0 1 1 1
442 5 0 0 4 0 0 0 0 0
fn=_dl_count_modids
169 2 1 1 1 0 0 0 0 0
170 1 0 0 1 0 0 0 0 0
185 2 0 0 1 0 0 0 0 0
fn=_dl_determine_tlsoffset
191 7 1 1 0 0 0 6 0 0
192 1 0 0 0 0 0 0 0 0
193 1 0 0 0 0 0 0 0 0
194 1 1 1 0 0 0 0 0 0
197 3 0 0 1 0 0 0 0 0
200 2 0 0 1 0 0 0 0 0
234 1 0 0 0 0 0 0 0 0
236 10 0 0 2 1 1 0 0 0
238 5 1 1 2 0 0 1 0 0
240 3 0 0 1 0 0 0 0 0
241 2 0 0 1 0 0 0 0 0
243 2 0 0 0 0 0 0 0 0
245 5 1 1 1 0 0 0 0 0
261 8 0 0 0 0 0 0 0 0
263 2 0 0 0 0 0 0 0 0
264 1 0 0 0 0 0 0 0 0
273 1 0 0 0 0 0 1 0 0
276 1 0 0 0 0 0 1 0 0
277 6 1 1 1 0 0 0 0 0
279 2 1 1 0 0 0 1 0 0
329 1 0 0 0 0 0 1 0 0
330 8 0 0 7 0 0 0 0 0
fn=_dl_next_tls_modid
107 2 1 1 1 0 0 0 0 0
120 1 0 0 1 0 0 0 0 0
143 1 0 0 0 0 0 0 0 0
155 1 0 0 0 0 0 1 0 0
159 1 0 0 1 0 0 0 0 0
fn=_dl_tls_static_surplus_init
69 5 1 1 0 0 0 3 0 0
73 6 0 0 1 0 0 1 0 0
74 7 0 0 1 0 0 1 0 0
80 1 1 1 0 0 0 0 0 0
82 4 0 0 0 0 0 0 0 0
85 1 0 0 0 0 0 0 0 0
87 1 0 0 0 0 0 1 0 0
89 3 0 0 0 0 0 0 0 0
90 2 0 0 0 0 0 1 0 0
91 5 0 0 4 0 0 0 0 0
fl=./elf/../include/scratch_buffer.h
fn=_dl_map_object_deps
77 3 0 0 0 0 0 2 0 0
78 1 0 0 0 0 0 1 1 1
85 3 1 1 2 0 0 0 0 0
131 6 1 1 0 0 0 2 0 0
fl=./elf/../misc/sbrk.c
fn=sbrk
32 4 1 1 0 0 0 2 0 0
40 6 1 1 2 1 1 0 0 0
44 2 0 0 0 0 0 0 0 0
60 5 0 0 3 0 0 0 0 0
fl=./elf/../sysdeps/generic/dl-cache.h
fn=_dl_load_cache_lookup
152 1 0 0 1 0 0 0 0 0
153 5 1 1 0 0 0 0 0 0
fl=./elf/../sysdeps/generic/ldsodefs.h
fn=_dl_new_object
1222 48 1 1 0 0 0 0 0 0
fn=_dl_relocate_object
126 276 0 0 92 0 0 0 0 0
fn=do_lookup_x
126 237 1 1 79 0 0 0 0 0
fl=./elf/../sysdeps/posix/dl-fileid.h
fn=_dl_map_object_from_fd
37 12 1 1 2 0 0 2 0 0
40 4 0 0 2 1 1 2 0 0
41 4 0 0 2 0 0 2 0 0
49 12 0 0 6 1 1 0 0 0
fl=./elf/../sysdeps/unix/sysv/linux/dl-osinfo.h
fn=dl_main
64 2 0 0 1 0 0 0 0 0
77 1 0 0 1 0 0 0 0 0
fl=./elf/../sysdeps/unix/sysv/linux/dl-sysdep.c
fn=_dl_discover_osversion
46 4 1 1 0 0 0 3 0 0
48 3 0 0 1 0 0 0 0 0
88 4 1 1 0 0 0 1 1 1
103 1 0 0 0 0 0 0 0 0
107 1 0 0 0 0 0 0 0 0
108 1 0 0 0 0 0 0 0 0
110 12 1 1 3 1 1 0 0 0
112 6 0 0 0 0 0 0 0 0
114 17 0 0 4 0 0 0 0 0
116 1 0 0 0 0 0 0 0 0
117 4 0 0 0 0 0 0 0 0
120 3 1 1 0 0 0 0 0 0
121 3 0 0 0 0 0 0 0 0
122 3 0 0 0 0 0 0 0 0
124 13 0 0 0 0 0 0 0 0
129 2 0 0 0 0 0 0 0 0
132 1 0 0 0 0 0 0 0 0
133 5 0 0 4 0 0 0 0 0
fn=_dl_sysdep_start
36 2 0 0 0 0 0 1 0 0
fl=./elf/../sysdeps/unix/sysv/linux/dl-vdso-setup.h
fn=dl_main
30 5 2 2 0 0 0 3 0 0
33 1 0 0 0 0 0 1 0 0
36 1 0 0 0 0 0 1 0 0
39 1 0 0 0 0 0 1 0 0
45 1 1 1 0 0 0 1 0 0
fl=./elf/../sysdeps/unix/sysv/linux/dl-vdso.h
fn=dl_main
40 1 0 0 1 0 0 0 0 0
41 2 0 0 0 0 0 0 0 0
55 2 0 0 0 0 0 0 0 0
fl=./elf/../sysdeps/unix/sysv/linux/x86_64/brk.c
fn=brk
31 5 1 1 0 0 0 1 0 0
33 2 0 0 0 0 0 0 0 0
39 1 0 0 0 0 0 0 0 0
40 1 0 0 1 0 0 0 0 0
fl=./elf/../sysdeps/x86/cpu-features.c
fn=_dl_sysdep_start
49 4 0 0 0 0 0 0 0 0
50 2 1 1 0 0 0 0 0 0
51 6 0 0 0 0 0 4 0 0
56 2 0 0 0 0 0 0 0 0
57 6 1 1 0 0 0 4 0 0
62 2 0 0 0 0 0 0 0 0
63 6 0 0 0 0 0 4 0 0
309 1 0 0 0 0 0 1 0 0
310 1 0 0 0 0 0 1 0 0
311 1 0 0 0 0 0 1 0 0
322 3 0 0 0 0 0 1 1 1
325 6 1 1 0 0 0 0 0 0
326 1 0 0 0 0 0 0 0 0
329 1 0 0 0 0 0 0 0 0
331 6 1 1 0 0 0 1 0 0
336 3 1 1 1 0 0 0 0 0
337 1 0 0 1 0 0 0 0 0
339 3 0 0 1 0 0 0 0 0
341 4 1 1 2 0 0 1 0 0
342 6 1 1 1 1 1 0 0 0
348 1 0 0 1 0 0 0 0 0
379 2 0 0 1 0 0 0 0 0
393 1 0 0 0 0 0 0 0 0
403 11 1 1 1 1 1 0 0 0
406 1 0 0 1 0 0 0 0 0
448 2 0 0 0 0 0 1 0 0
457 2 0 0 0 0 0 0 0 0
463 3 0 0 0 0 0 1 0 0
475 2 0 0 1 0 0 0 0 0
477 2 0 0 1 0 0 0 0 0
526 3 1 1 1 0 0 0 0 0
527 1 0 0 1 0 0 0 0 0
530 2 0 0 0 0 0 0 0 0
531 1 0 0 1 0 0 0 0 0
537 1 0 0 0 0 0 1 0 0
538 1 0 0 0 0 0 1 0 0
539 2 0 0 1 0 0 1 0 0
540 1 0 0 0 0 0 1 0 0
543 4 1 1 0 0 0 1 0 0
545 6 0 0 1 0 0 2 1 1
547 6 1 1 1 0 0 2 0 0
549 6 0 0 1 0 0 2 0 0
560 1 0 0 0 0 0 1 0 0
561 2 0 0 1 0 0 0 0 0
565 3 1 1 1 0 0 0 0 0
584 3 2 2 0 0 0 0 0 0
586 4 0 0 1 0 0 0 0 0
587 2 0 0 1 0 0 0 0 0
589 4 1 1 1 0 0 0 0 0
590 2 0 0 0 0 0 0 0 0
593 1 0 0 0 0 0 1 0 0
fn=get_common_indices.constprop.0
71 2 1 1 0 0 0 1 0 0
75 4 0 0 0 0 0 0 0 0
78 5 0 0 0 0 0 3 0 0
81 1 0 0 0 0 0 1 0 0
82 4 1 1 0 0 0 1 0 0
83 4 0 0 0 0 0 1 0 0
84 4 0 0 0 0 0 1 0 0
85 3 0 0 0 0 0 1 0 0
86 2 1 1 1 0 0 0 0 0
93 2 0 0 1 0 0 0 0 0
94 7 0 0 0 0 0 4 1 1
100 2 0 0 1 0 0 0 0 0
101 7 1 1 0 0 0 4 0 0
108 3 0 0 1 0 0 0 0 0
112 2 0 0 0 0 0 0 0 0
114 4 1 1 0 0 0 0 0 0
118 2 1 1 0 0 0 0 0 0
121 4 0 0 1 0 0 1 0 0
124 2 0 0 1 0 0 0 0 0
127 2 1 1 0 0 0 1 0 0
132 1 0 0 1 0 0 0 0 0
135 2 0 0 0 0 0 0 0 0
137 1 0 0 1 0 0 0 0 0
139 3 0 0 1 0 0 0 0 0
143 2 0 0 0 0 0 0 0 0
147 2 1 1 1 0 0 0 0 0
154 3 0 0 0 0 0 0 0 0
225 2 0 0 1 0 0 0 0 0
229 3 0 0 0 0 0 0 0 0
230 2 0 0 0 0 0 0 0 0
232 1 0 0 0 0 0 0 0 0
233 1 0 0 0 0 0 0 0 0
236 2 0 0 0 0 0 1 0 0
238 1 0 0 0 0 0 1 0 0
241 2 1 1 1 0 0 0 0 0
291 3 1 1 2 0 0 0 0 0
fl=./elf/../sysdeps/x86/dl-hwcap.h
fn=_dl_important_hwcaps
57 6 1 1 0 0 0 2 0 0
fl=./elf/../sysdeps/x86/dl-procinfo.h
fn=_dl_load_cache_lookup
39 2 0 0 0 0 0 0 0 0
42 7 0 0 0 0 0 2 0 0
fl=./elf/../sysdeps/x86_64/dl-machine.h
fn=_dl_relocate_object
76 14 0 0 4 0 0 0 0 0
82 4 0 0 4 1 0 0 0 0
86 6 1 1 2 2 1 0 0 0
92 2 0 0 0 0 0 2 0 0
100 6 0 0 2 0 0 0 0 0
120 4 0 0 2 0 0 0 0 0
122 4 0 0 0 0 0 2 0 0
124 8 1 1 2 0 0 0 0 0
131 13 1 1 3 2 0 0 0 0
276 218 0 0 0 0 0 0 0 0
297 218 0 0 0 0 0 0 0 0
301 218 0 0 0 0 0 0 0 0
308 4317 10 10 839 82 73 631 2 1
309 771 4 4 297 0 0 0 0 0
312 379 0 0 82 0 0 0 0 0
314 198 0 0 0 0 0 0 0 0
339 688 2 2 109 3 3 0 0 0
435 51 1 1 17 0 0 0 0 0
439 68 0 0 17 1 0 0 0 0
444 51 0 0 34 2 2 0 0 0
453 51 0 0 17 0 0 17 8 8
463 276 1 1 184 11 11 92 11 9
464 92 0 0 0 0 0 0 0 0
497 9 0 0 0 0 0 3 0 0
542 3657 0 0 1219 152 152 0 0 0
547 2438 0 0 0 0 0 0 0 0
548 3657 0 0 1219 153 153 1219 230 228
558 96 0 0 48 0 0 0 0 0
562 16 0 0 0 0 0 0 0 0
565 24 0 0 8 0 0 0 0 0
566 8 0 0 8 4 3 0 0 0
583 80 0 0 80 1 1 0 0 0
584 120 0 0 40 0 0 0 0 0
585 40 0 0 0 0 0 40 0 0
586 40 0 0 0 0 0 40 3 3
fn=_dl_start
59 3 1 1 1 1 1 0 0 0
301 27 0 0 0 0 0 0 0 0
309 90 1 1 36 7 7 0 0 0
312 18 0 0 0 0 0 0 0 0
339 63 0 0 0 0 0 0 0 0
359 18 1 1 9 1 1 9 2 2
360 9 0 0 0 0 0 0 0 0
427 1 0 0 0 0 0 0 0 0
547 88 0 0 44 6 6 0 0 0
548 132 0 0 44 6 6 44 26 26
fl=./elf/./dl-load.h
fn=_dl_map_object_from_fd
90 16 0 0 0 0 0 0 0 0
91 6 0 0 4 0 0 2 0 0
93 16 0 0 8 1 1 0 0 0
94 4 1 1 2 0 0 0 0 0
95 6 0 0 2 0 0 0 0 0
96 4 1 1 1 0 0 0 0 0
98 4 0 0 0 0 0 1 0 0
fl=./elf/./dl-map-segments.h
fn=_dl_map_object_from_fd
50 4 0 0 2 0 0 0 0 0
56 18 1 1 6 0 0 6 1 1
60 6 0 0 2 0 0 0 0 0
63 6 0 0 2 0 0 2 0 0
64 4 1 1 0 0 0 2 0 0
66 4 0 0 2 0 0 0 0 0
80 2 0 0 2 0 0 0 0 0
82 2 0 0 0 0 0 0 0 0
90 40 0 0 0 0 0 0 0 0
92 24 0 0 12 0 0 0 0 0
94 72 1 1 30 0 0 12 0 0
104 32 1 1 16 0 0 0 0 0
110 2 0 0 2 0 0 0 0 0
111 2 0 0 2 0 0 0 0 0
112 6 0 0 2 0 0 0 0 0
113 4 0 0 0 0 0 0 0 0
115 4 0 0 0 0 0 0 0 0
120 4 0 0 0 0 0 0 0 0
123 4 0 0 0 0 0 0 0 0
131 16 0 0 0 0 0 8 0 0
132 6 0 0 6 0 0 0 0 0
137 4 0 0 0 0 0 0 0 0
141 8 1 1 0 0 0 1 0 0
144 2 0 0 0 0 0 0 0 0
149 8 1 1 0 0 0 0 0 0
fl=./elf/./setup-vdso.h
fn=dl_main
24 2 0 0 1 0 0 0 0 0
fl=./elf/dl-cache.c
fn=_dl_cache_libcmp
142 195 1 1 65 0 0 0 0 0
144 189 0 0 0 0 0 0 0 0
146 130 0 0 63 11 11 0 0 0
152 6 1 1 0 0 0 0 0 0
153 6 0 0 0 0 0 0 0 0
154 8 0 0 2 0 0 0 0 0
156 8 0 0 2 0 0 0 0 0
158 4 0 0 0 0 0 0 0 0
164 122 0 0 0 0 0 0 0 0
166 122 1 1 0 0 0 0 0 0
167 20 0 0 10 0 0 0 0 0
170 51 0 0 0 0 0 0 0 0
171 51 0 0 0 0 0 0 0 0
174 6 0 0 4 0 0 0 0 0
fn=_dl_load_cache_lookup
187 9 2 2 0 0 0 6 0 0
195 2 0 0 1 0 0 0 0 0
198 3 0 0 1 0 0 0 0 0
201 5 1 1 0 0 0 1 0 0
209 5 1 1 1 0 0 0 0 0
210 8 0 0 3 1 1 0 0 0
218 1 1 1 0 0 0 1 0 0
219 2 0 0 0 0 0 1 0 0
270 3 1 1 1 0 0 0 0 0
279 2 0 0 0 0 0 0 0 0
281 1 0 0 1 0 0 0 0 0
285 6 1 1 1 0 0 2 0 0
293 6 1 1 3 0 0 2 0 0
294 3 0 0 1 0 0 0 0 0
308 260 5 5 37 10 10 20 0 0
324 2 0 0 1 0 0 0 0 0
328 2 1 1 1 0 0 0 0 0
336 9 0 0 1 0 0 1 0 0
337 3 0 0 0 0 0 1 0 0
338 1 0 0 0 0 0 1 0 0
339 10 2 2 8 0 0 0 0 0
fn=_dl_unload_cache
348 1 0 0 0 0 0 0 0 0
349 4 1 1 1 1 1 0 0 0
351 2 0 0 1 1 0 1 0 0
352 1 0 0 0 0 0 1 0 0
354 2 0 0 1 0 0 0 0 0
fl=./elf/dl-debug.c
fn=_dl_debug_initialize
49 8 1 1 0 0 0 0 0 0
50 4 1 1 4 0 0 0 0 0
54 14 1 1 4 2 1 0 0 0
57 1 0 0 0 0 0 1 0 0
58 6 0 0 3 0 0 1 0 0
59 5 0 0 1 0 0 1 0 0
60 2 0 0 0 0 0 1 0 0
64 1 0 0 1 0 0 0 0 0
fn=_dl_debug_state
74 2 0 0 2 0 0 0 0 0
fl=./elf/dl-deps.c
fn=_dl_map_object_deps
144 6 2 2 0 0 0 3 0 0
145 2 0 0 0 0 0 2 1 1
146 7 1 1 0 0 0 2 1 1
148 3 0 0 0 0 0 1 0 0
152 9 0 0 2 0 0 3 0 0
159 12 2 2 0 0 0 9 2 2
160 9 0 0 0 0 0 0 0 0
176 8 0 0 0 0 0 0 0 0
177 1 0 0 1 0 0 0 0 0
180 2 0 0 1 0 0 1 0 0
198 2 1 1 1 0 0 1 0 0
199 3 0 0 1 0 0 0 0 0
200 2 0 0 0 0 0 2 0 0
204 10 0 0 7 0 0 0 0 0
206 4 0 0 0 0 0 4 0 0
209 8 0 0 4 0 0 4 0 0
213 12 0 0 4 0 0 0 0 0
214 25 1 1 11 0 0 0 0 0
217 6 0 0 0 0 0 0 0 0
221 4 0 0 2 0 0 0 0 0
224 16 1 1 8 1 1 0 0 0
226 6 1 1 4 0 0 2 0 0
231 2 0 0 0 0 0 2 0 0
232 2 0 0 0 0 0 2 1 1
233 4 0 0 2 0 0 2 0 0
234 4 0 0 2 0 0 2 0 0
237 200 1 1 53 1 0 2 0 0
238 94 1 1 0 0 0 0 0 0
244 18 0 0 4 0 0 2 0 0
246 2 0 0 0 0 0 2 0 0
248 8 1 1 4 0 0 2 0 0
249 4 1 1 2 0 0 0 0 0
258 2 0 0 2 0 0 0 0 0
260 4 0 0 2 0 0 0 0 0
265 6 0 0 0 0 0 0 0 0
268 2 0 0 0 0 0 2 0 0
269 2 0 0 0 0 0 2 0 0
270 2 1 1 0 0 0 2 0 0
271 4 0 0 2 0 0 2 0 0
273 2 0 0 2 0 0 0 0 0
275 10 0 0 2 0 0 4 0 0
279 4 0 0 0 0 0 0 0 0
280 4 0 0 1 0 0 2 0 0
282 135 2 2 0 0 0 0 0 0
287 1 0 0 0 0 0 1 0 0
303 10 0 0 0 0 0 4 0 0
380 6 1 1 0 0 0 3 0 0
433 8 0 0 0 0 0 0 0 0
435 6 0 0 2 0 0 2 0 0
438 8 1 1 0 0 0 2 0 0
439 4 0 0 0 0 0 0 0 0
445 2 0 0 0 0 0 2 0 0
446 10 0 0 0 0 0 2 0 0
447 12 0 0 2 0 0 2 0 0
450 2 0 0 0 0 0 2 0 0
451 2 0 0 2 0 0 0 0 0
455 16 1 1 8 0 0 0 0 0
457 4 1 1 4 0 0 0 0 0
458 17 0 0 3 0 0 0 0 0
464 6 1 1 2 0 0 0 0 0
465 2 0 0 0 0 0 1 0 0
468 5 0 0 2 0 0 1 0 0
479 5 1 1 1 0 0 2 0 0
481 2 0 0 0 0 0 0 0 0
486 6 0 0 3 0 0 1 0 0
487 1 0 0 0 0 0 1 0 0
489 15 2 2 5 0 0 0 0 0
491 12 0 0 4 0 0 0 0 0
495 12 0 0 0 0 0 4 1 1
499 4 0 0 4 0 0 0 0 0
502 2 0 0 1 0 0 0 0 0
553 3 0 0 2 0 0 0 0 0
554 2 1 1 0 0 0 0 0 0
555 4 0 0 2 0 0 0 0 0
590 6 1 1 1 0 0 1 0 0
594 5 0 0 0 0 0 1 0 0
597 1 0 0 0 0 0 1 0 0
599 2 1 1 1 0 0 1 0 0
600 1 0 0 1 0 0 0 0 0
601 2 0 0 0 0 0 0 0 0
608 3 0 0 1 0 0 0 0 0
611 2 1 1 0 0 0 0 0 0
614 8 0 0 7 0 0 0 0 0
fn=openaux
61 4 1 1 0 0 0 2 0 0
64 22 0 0 8 0 0 4 1 1
65 2 0 0 2 0 0 0 0 0
68 2 0 0 2 0 0 0 0 0
69 4 0 0 4 0 0 0 0 0
fl=./elf/dl-environ.c
fn=_dl_next_ld_env_entry
29 3 1 1 3 0 0 0 0 0
32 169 0 0 56 0 0 0 0 0
34 110 1 1 55 0 0 0 0 0
35 12 0 0 6 0 0 0 0 0
37 2 0 0 0 0 0 0 0 0
40 4 0 0 0 0 0 2 0 0
42 2 0 0 2 0 0 0 0 0
45 53 0 0 0 0 0 0 0 0
49 1 0 0 1 0 0 0 0 0
fl=./elf/dl-error-skeleton.c
fn=_dl_catch_error
225 9 1 1 0 0 0 3 0 0
227 2 0 0 0 0 0 1 0 0
228 2 0 0 1 0 0 1 0 0
229 2 0 0 1 0 0 1 0 0
230 2 0 0 1 0 0 1 0 0
232 5 1 1 4 0 0 0 0 0
fn=_dl_catch_exception
175 15 1 1 0 0 0 12 3 3
178 6 0 0 0 0 0 0 0 0
180 6 1 1 3 0 0 3 0 0
199 6 0 0 3 0 0 3 1 1
200 6 0 0 0 0 0 3 0 0
203 6 0 0 0 0 0 3 0 0
206 18 0 0 0 0 0 3 0 0
208 9 1 1 6 0 0 3 0 0
209 6 0 0 3 0 0 3 0 0
210 12 0 0 3 0 0 6 0 0
219 12 0 0 6 0 0 0 0 0
fn=_dl_receive_error
238 5 0 0 0 0 0 2 0 0
239 1 0 0 1 0 0 0 0 0
240 1 0 0 1 0 0 0 0 0
243 1 0 0 0 0 0 1 0 0
244 1 0 0 0 0 0 1 0 0
246 1 0 0 0 0 0 1 0 0
248 1 1 1 0 0 0 1 0 0
249 1 0 0 0 0 0 1 0 0
250 4 0 0 3 0 0 0 0 0
fl=./elf/dl-fini.c
fn=_dl_fini
30 8 2 2 0 0 0 6 0 0
47 6 0 0 0 0 0 1 0 0
50 7 0 0 1 1 1 0 0 0
53 2 1 1 1 1 1 1 0 0
55 1 0 0 1 1 1 0 0 0
58 2 0 0 0 0 0 0 0 0
60 6 0 0 3 1 1 0 0 0
65 1 1 1 0 0 0 1 0 0
68 6 0 0 0 0 0 0 0 0
73 14 0 0 4 0 0 0 0 0
75 8 0 0 4 4 4 0 0 0
77 8 0 0 0 0 0 0 0 0
79 8 0 0 0 0 0 4 0 0
80 4 1 1 0 0 0 4 4 4
81 4 0 0 0 0 0 0 0 0
85 4 0 0 4 3 3 0 0 0
87 6 0 0 0 0 0 0 0 0
88 6 1 1 0 0 0 0 0 0
94 10 2 2 0 0 0 1 0 0
104 2 0 0 1 0 0 1 0 0
109 20 1 1 5 0 0 1 0 0
111 4 0 0 4 0 0 0 0 0
113 12 0 0 4 0 0 0 0 0
116 8 0 0 0 0 0 4 0 0
119 12 0 0 4 4 4 0 0 0
120 6 1 1 2 2 2 0 0 0
123 4 1 1 2 1 1 0 0 0
134 8 0 0 4 2 2 2 0 0
135 2 0 0 2 0 0 0 0 0
136 4 0 0 2 0 0 0 0 0
137 18 0 0 2 0 0 0 0 0
138 2 0 0 2 2 2 2 0 0
142 6 1 1 2 2 2 0 0 0
143 6 0 0 4 1 1 2 0 0
149 24 0 0 8 1 1 0 0 0
168 4 0 0 4 0 0 0 0 0
174 6 0 0 2 0 0 0 0 0
180 2 0 0 1 0 0 0 0 0
187 8 1 1 7 0 0 0 0 0
fl=./elf/dl-hwcaps.c
fn=_dl_important_hwcaps
42 13 1 1 0 0 0 10 1 1
43 8 1 1 1 0 0 3 0 0
45 2 0 0 1 0 0 1 0 0
46 3 0 0 0 0 0 0 0 0
55 18 1 1 0 0 0 0 0 0
56 4 0 0 2 0 0 2 1 1
57 3 0 0 0 0 0 0 0 0
65 3 1 1 1 0 0 0 0 0
129 2 0 0 0 0 0 0 0 0
148 8 2 2 0 0 0 0 0 0
149 1 0 0 0 0 0 0 0 0
185 12 2 2 1 0 0 0 0 0
186 4 0 0 2 0 0 2 1 1
188 7 0 0 0 0 0 1 1 1
189 2 0 0 0 0 0 2 0 0
190 11 0 0 0 0 0 1 0 0
193 3 0 0 1 0 0 0 0 0
195 3 0 0 1 0 0 1 0 0
196 2 0 0 1 0 0 1 0 0
197 1 0 0 0 0 0 0 0 0
200 5 1 1 0 0 0 1 0 0
201 1 0 0 0 0 0 1 0 0
202 1 0 0 0 0 0 0 0 0
204 2 0 0 0 0 0 0 0 0
207 2 0 0 0 0 0 0 0 0
208 2 0 0 1 0 0 1 0 0
211 7 1 1 2 0 0 1 0 0
212 2 0 0 0 0 0 0 0 0
214 1 0 0 0 0 0 0 0 0
215 6 0 0 0 0 0 0 0 0
216 2 1 1 1 0 0 0 0 0
217 2 0 0 0 0 0 0 0 0
221 1 1 1 0 0 0 0 0 0
224 3 1 1 0 0 0 0 0 0
230 12 1 1 1 0 0 6 0 0
231 6 0 0 0 0 0 3 0 0
232 7 1 1 4 0 0 0 0 0
247 1 0 0 1 0 0 0 0 0
263 4 0 0 1 0 0 2 1 1
266 2 1 1 0 0 0 0 0 0
273 6 0 0 1 0 0 2 0 0
276 2 0 0 0 0 0 0 0 0
279 16 1 1 7 0 0 5 0 0
282 17 1 1 4 0 0 1 0 0
283 18 1 1 0 0 0 2 0 0
284 5 0 0 2 0 0 2 0 0
287 10 0 0 2 0 0 4 0 0
289 5 0 0 1 0 0 0 0 0
294 30 0 0 2 0 0 1 0 0
295 24 0 0 0 0 0 8 0 0
299 15 1 1 1 0 0 0 0 0
302 60 0 0 0 0 0 0 0 0
303 72 1 1 0 0 0 0 0 0
304 48 0 0 24 0 0 12 0 0
306 9 0 0 0 0 0 0 0 0
309 3 0 0 1 0 0 0 0 0
310 3 0 0 1 0 0 0 0 0
311 11 1 1 1 0 0 0 0 0
313 6 0 0 0 0 0 0 0 0
314 2 0 0 2 0 0 0 0 0
316 1 0 0 1 0 0 0 0 0
317 7 1 1 0 0 0 2 0 0
324 19 0 0 6 0 0 4 0 0
325 4 0 0 0 0 0 0 0 0
327 8 0 0 0 0 0 0 0 0
330 4 0 0 3 0 0 1 0 0
333 9 0 0 8 0 0 0 0 0
fl=./elf/dl-init.c
fn=_dl_init
30 23 1 1 5 0 0 4 0 0
79 11 2 2 0 0 0 6 0 0
80 1 0 0 1 1 0 0 0 0
81 1 0 0 1 0 0 0 0 0
84 3 0 0 1 0 0 0 0 0
87 2 0 0 0 0 0 1 0 0
92 2 0 0 0 0 0 0 0 0
117 1 0 0 1 0 0 0 0 0
118 17 1 1 0 0 0 0 0 0
119 8 0 0 8 0 0 0 0 0
125 8 1 1 7 0 0 0 0 0
fn=call_init.part.0
28 36 1 1 0 0 0 20 0 0
36 12 0 0 4 0 0 4 0 0
39 16 1 1 8 3 3 0 0 0
40 3 0 0 0 0 0 0 0 0
44 9 0 0 3 2 1 0 0 0
45 3 1 1 1 0 0 0 0 0
49 4 0 0 2 0 0 0 0 0
58 12 0 0 4 1 0 2 0 0
61 2 0 0 2 1 0 0 0 0
62 4 0 0 0 0 0 0 0 0
68 6 0 0 4 1 0 0 0 0
70 4 1 1 4 0 0 0 0 0
71 19 0 0 0 0 0 0 0 0
72 12 0 0 3 1 0 3 0 0
74 24 0 0 24 0 0 0 0 0
fl=./elf/dl-load.c
fn=_dl_dst_count
231 20 1 1 0 0 0 20 0 0
234 8 0 0 0 0 0 4 1 1
237 8 0 0 0 0 0 0 0 0
238 4 0 0 0 0 0 0 0 0
257 28 0 0 24 0 0 0 0 0
fn=_dl_init_paths
681 9 2 2 0 0 0 7 0 0
694 6 0 0 2 0 0 2 1 1
698 1 0 0 0 0 0 1 0 0
699 2 0 0 0 0 0 1 0 0
700 2 1 1 0 0 0 0 0 0
707 5 0 0 0 0 0 0 0 0
708 4 0 0 1 0 0 1 0 0
711 6 1 1 0 0 0 2 0 0
713 2 0 0 0 0 0 0 0 0
719 1 0 0 0 0 0 1 0 0
720 1 0 0 0 0 0 1 0 0
728 8 0 0 0 0 0 3 0 0
730 8 0 0 0 0 0 4 1 1
731 4 1 1 0 0 0 4 1 1
733 5 0 0 0 0 0 4 0 0
734 7 0 0 3 1 1 4 1 1
735 7 0 0 0 0 0 0 0 0
738 9 0 0 3 1 1 0 0 0
739 8 0 0 4 0 0 0 0 0
740 16 1 1 0 0 0 4 0 0
742 26 1 1 6 0 0 6 0 0
748 1 1 1 0 0 0 1 0 0
749 1 0 0 0 0 0 1 0 0
753 1 0 0 1 0 0 0 0 0
754 2 0 0 0 0 0 0 0 0
756 4 0 0 1 0 0 0 0 0
758 3 0 0 1 0 0 0 0 0
775 1 0 0 0 0 0 1 0 0
777 3 1 1 1 0 0 0 0 0
791 2 1 1 0 0 0 1 0 0
796 5 1 1 2 0 0 0 0 0
798 12 2 2 0 0 0 2 0 0
802 2 0 0 0 0 0 0 0 0
803 60 1 1 15 0 0 0 0 0
804 42 0 0 0 0 0 0 0 0
805 14 0 0 0 0 0 0 0 0
807 1 0 0 0 0 0 1 0 0
808 3 0 0 0 0 0 1 0 0
809 2 0 0 0 0 0 0 0 0
815 6 0 0 0 0 0 1 0 0
818 3 0 0 2 0 0 0 0 0
824 1 0 0 0 0 0 1 0 0
828 8 0 0 7 0 0 0 0 0
fn=_dl_map_object
659 9 2 2 3 0 0 0 0 0
1927 27 2 2 0 0 0 24 3 3
1929 2 0 0 0 0 0 2 0 0
1935 6 0 0 0 0 0 0 0 0
1936 12 0 0 3 1 1 0 0 0
1939 42 1 1 9 0 0 0 0 0
1944 49 0 0 7 0 0 0 0 0
1946 35 0 0 0 0 0 7 0 0
1950 12 1 1 6 0 0 0 0 0
1951 18 0 0 6 0 0 0 0 0
1954 2 0 0 2 0 0 0 0 0
1955 4 0 0 4 0 0 0 0 0
1956 8 0 0 0 0 0 2 0 0
1972 6 0 0 2 0 0 0 0 0
1974 6 1 1 0 0 0 2 1 1
1982 6 1 1 2 0 0 0 0 0
2016 2 0 0 0 0 0 2 1 1
2018 10 0 0 0 0 0 2 0 0
2022 4 1 1 0 0 0 2 0 0
2024 2 0 0 1 0 0 0 0 0
2031 4 0 0 1 0 0 0 0 0
2035 5 1 1 2 0 0 3 0 0
2040 3 1 1 1 0 0 0 0 0
2041 1 0 0 0 0 0 0 0 0
2043 4 0 0 0 0 0 1 0 0
2055 4 2 2 3 0 0 0 0 0
2056 8 0 0 2 0 0 1 0 0
2057 1 0 0 0 0 0 0 0 0
2066 2 1 1 1 0 0 0 0 0
2067 15 1 1 1 0 0 4 0 0
2073 5 1 1 0 0 0 0 0 0
2074 1 1 1 0 0 0 0 0 0
2082 1 1 1 0 0 0 1 0 0
2096 2 0 0 0 0 0 0 0 0
2098 3 0 0 1 0 0 0 0 0
2102 3 0 0 0 0 0 1 0 0
2104 2 0 0 0 0 0 0 0 0
2108 2 1 1 0 0 0 0 0 0
2116 3 0 0 1 0 0 0 0 0
2139 8 0 0 0 0 0 2 0 0
2143 3 1 1 1 0 0 0 0 0
2144 2 0 0 0 0 0 1 0 0
2161 2 0 0 1 0 0 0 0 0
2167 1 1 1 0 0 0 1 1 1
2168 4 0 0 0 0 0 1 0 0
2169 2 0 0 0 0 0 0 0 0
2170 3 0 0 0 0 0 0 0 0
2174 7 0 0 0 0 0 1 0 0
2177 2 0 0 0 0 0 0 0 0
2189 8 1 1 2 0 0 0 0 0
2191 4 0 0 0 0 0 0 0 0
2235 4 0 0 2 0 0 2 0 0
2236 30 1 1 6 0 0 10 0 0
2238 27 0 0 21 0 0 0 0 0
fn=_dl_map_object_from_fd
866 28 1 1 0 0 0 20 2 2
876 8 1 1 2 0 0 4 1 1
877 2 0 0 0 0 0 2 0 0
883 8 0 0 2 0 0 2 0 0
901 29 1 1 9 0 0 0 0 0
902 10 1 1 5 0 0 0 0 0
920 4 2 2 2 0 0 0 0 0
944 8 1 1 2 0 0 2 0 0
954 4 0 0 2 0 0 0 0 0
961 8 0 0 4 0 0 0 0 0
994 4 0 0 0 0 0 0 0 0
997 16 1 1 10 0 0 2 0 0
998 4 0 0 0 0 0 0 0 0
1009 4 0 0 2 0 0 2 1 1
1010 8 0 0 4 0 0 4 0 0
1011 4 1 1 2 0 0 2 0 0
1013 6 0 0 0 0 0 0 0 0
1014 8 0 0 4 0 0 0 0 0
1015 4 0 0 0 0 0 2 0 0
1030 4 1 1 0 0 0 2 0 0
1032 2 1 1 0 0 0 2 0 0
1034 18 0 0 2 0 0 2 0 0
1035 2 0 0 0 0 0 0 0 0
1036 2 0 0 0 0 0 2 0 0
1042 77 1 1 2 0 0 0 0 0
1043 177 2 2 21 2 2 0 0 0
1049 4 0 0 2 0 0 0 0 0
1054 5 1 1 3 0 0 2 0 0
1055 8 0 0 2 0 0 2 0 0
1060 2 0 0 1 0 0 1 0 0
1061 1 0 0 0 0 0 0 0 0
1066 28 1 1 10 0 0 0 0 0
1071 56 0 0 16 0 0 0 0 0
1079 16 0 0 0 0 0 0 0 0
1080 26 0 0 0 0 0 8 3 3
1081 56 0 0 8 0 0 8 0 0
1082 8 0 0 0 0 0 8 2 2
1083 16 1 1 8 0 0 8 0 0
1084 24 0 0 0 0 0 8 2 2
1088 16 0 0 0 0 0 0 0 0
1089 32 0 0 12 0 0 8 0 0
1093 16 0 0 0 0 0 0 0 0
1094 64 1 1 8 0 0 8 0 0
1104 8 0 0 0 0 0 0 0 0
1107 3 0 0 1 1 1 0 0 0
1111 1 0 0 0 0 0 1 1 1
1112 2 1 1 1 0 0 1 1 1
1116 5 0 0 0 0 0 1 0 0
1117 2 0 0 1 0 0 1 0 0
1120 1 0 0 0 0 0 1 0 0
1125 4 1 1 1 0 0 0 0 0
1126 4 0 0 2 0 0 2 0 0
1132 6 0 0 2 0 0 2 0 0
1140 4 0 0 2 0 0 2 0 0
1141 2 0 0 0 0 0 0 0 0
1144 4 0 0 2 0 0 2 1 1
1145 4 0 0 2 0 0 2 0 0
1157 6 1 1 2 0 0 0 0 0
1170 4 0 0 0 0 0 0 0 0
1180 16 1 1 6 0 0 2 0 0
1192 8 1 1 4 0 0 0 0 0
1201 6 0 0 2 0 0 2 0 0
1207 2 2 2 1 0 0 0 0 0
1208 4 0 0 0 0 0 0 0 0
1210 4 0 0 0 0 0 0 0 0
1229 6 1 1 2 0 0 0 0 0
1248 4 0 0 2 0 0 2 0 0
1250 10 0 0 4 0 0 0 0 0
1298 6 1 1 2 1 1 0 0 0
1299 2 0 0 1 0 0 1 0 0
1302 8 0 0 2 0 0 2 0 0
1311 4 0 0 2 0 0 0 0 0
1313 8 1 1 4 0 0 2 0 0
1315 4 0 0 2 0 0 0 0 0
1331 4 0 0 0 0 0 2 0 0
1335 4 0 0 2 0 0 0 0 0
1336 4 0 0 2 0 0 0 0 0
1353 4 1 1 2 0 0 0 0 0
1354 2 1 1 0 0 0 1 0 0
1357 4 0 0 2 0 0 2 0 0
1362 4 0 0 2 0 0 0 0 0
1372 4 1 1 2 0 0 0 0 0
1381 4 0 0 2 0 0 0 0 0
1382 4 0 0 1 0 0 0 0 0
1387 2 0 0 0 0 0 2 0 0
1394 6 0 0 2 0 0 2 0 0
1398 6 1 1 2 0 0 0 0 0
1417 18 1 1 14 0 0 0 0 0
fn=expand_dynamic_string_token
378 14 1 1 0 0 0 8 0 0
388 4 0 0 0 0 0 2 1 1
391 4 0 0 0 0 0 0 0 0
392 4 0 0 0 0 0 0 0 0
403 10 0 0 8 0 0 0 0 0
fn=fillin_rpath.isra.0
445 16 2 2 0 0 0 12 0 0
449 1 0 0 0 0 0 0 0 0
451 12 0 0 4 0 0 2 0 0
458 2 1 1 1 0 0 0 0 0
460 4 0 0 1 0 0 1 0 0
464 2 0 0 0 0 0 0 0 0
469 3 0 0 0 0 0 1 0 0
470 2 0 0 0 0 0 0 0 0
477 5 1 1 1 0 0 0 0 0
482 4 1 1 0 0 0 2 0 0
486 17 0 0 5 0 0 0 0 0
487 8 0 0 4 0 0 0 0 0
505 4 1 1 1 0 0 1 0 0
509 10 1 1 2 0 0 4 0 0
511 4 1 1 2 0 0 0 0 0
515 1 0 0 0 0 0 1 0 0
516 1 0 0 0 0 0 0 0 0
517 5 0 0 0 0 0 3 0 0
518 1 0 0 0 0 0 1 0 0
520 3 1 1 2 0 0 0 0 0
526 4 0 0 1 0 0 0 0 0
527 28 0 0 0 0 0 0 0 0
528 8 0 0 0 0 0 8 0 0
530 2 0 0 1 0 0 1 0 0
531 2 0 0 1 0 0 0 0 0
536 2 1 1 0 0 0 1 0 0
538 1 1 1 0 0 0 1 0 0
539 2 0 0 0 0 0 1 0 0
542 2 1 1 0 0 0 1 0 0
544 3 0 0 1 0 0 1 0 0
548 1 0 0 0 0 0 1 0 0
551 8 0 0 7 0 0 0 0 0
fn=open_path
1779 14 1 1 0 0 0 12 3 3
1780 2 1 1 1 0 0 1 0 0
1783 1 0 0 0 0 0 1 0 0
1784 1 0 0 0 0 0 1 0 0
1786 2 0 0 0 0 0 0 0 0
1791 9 1 1 3 0 0 0 0 0
1794 3 0 0 2 0 0 0 0 0
1798 1 0 0 0 0 0 0 0 0
1803 6 0 0 1 0 0 1 0 0
1810 5 1 1 2 0 0 1 1 1
1811 59 1 1 9 0 0 0 0 0
1814 24 0 0 8 0 0 8 0 0
1818 96 1 1 40 0 0 16 0 0
1821 16 0 0 0 0 0 8 0 0
1824 24 0 0 8 0 0 0 0 0
1827 64 1 1 32 0 0 8 0 0
1829 24 0 0 8 0 0 0 0 0
1831 16 0 0 0 0 0 0 0 0
1836 40 1 1 8 0 0 0 0 0
1837 64 1 1 32 0 0 0 0 0
1843 40 1 1 16 0 0 8 0 0
1845 56 1 1 8 0 0 8 0 0
1846 2 0 0 1 0 0 0 0 0
1848 39 1 1 8 0 0 8 0 0
1857 3 0 0 1 0 0 1 0 0
1865 2 0 0 0 0 0 1 0 0
1893 1 0 0 0 0 0 0 0 0
1896 7 2 2 1 0 0 0 0 0
1901 1 0 0 1 0 0 0 0 0
1903 5 0 0 3 0 0 0 0 0
1906 3 0 0 1 0 0 0 0 0
1920 9 1 1 7 0 0 0 0 0
fn=open_verify.constprop.0
1466 120 1 1 0 0 0 70 1 1
1505 30 0 0 10 0 0 0 0 0
1518 8 0 0 0 0 0 0 0 0
1536 50 1 1 0 0 0 10 2 2
1538 20 0 0 0 0 0 0 0 0
1543 4 0 0 0 0 0 0 0 0
1549 2 0 0 0 0 0 2 0 0
1550 2 0 0 0 0 0 2 0 0
1555 20 1 1 2 0 0 4 0 0
1557 4 0 0 0 0 0 0 0 0
1559 4 0 0 2 0 0 2 0 0
1561 4 0 0 0 0 0 0 0 0
1567 4 0 0 0 0 0 0 0 0
1583 35 3 3 17 2 2 0 0 0
1657 4 1 1 2 0 0 0 0 0
1662 4 0 0 2 0 0 0 0 0
1664 8 0 0 2 0 0 0 0 0
1670 4 0 0 2 1 1 0 0 0
1676 8 1 1 2 0 0 0 0 0
1677 8 0 0 2 0 0 0 0 0
1678 4 0 0 2 0 0 0 0 0
1698 104 0 0 0 0 0 0 0 0
1699 40 1 1 19 14 14 0 0 0
1700 8 0 0 2 0 0 0 0 0
1704 8 0 0 4 0 0 0 0 0
1705 8 2 2 3 0 0 0 0 0
1721 2 1 1 0 0 0 0 0 0
1729 18 0 0 12 4 4 0 0 0
1731 2 0 0 0 0 0 0 0 0
1732 18 1 1 6 0 0 0 0 0
1735 6 1 1 0 0 0 0 0 0
1740 1 0 0 0 0 0 0 0 0
1741 2 0 0 0 0 0 0 0 0
1744 2 0 0 0 0 0 0 0 0
1747 2 0 0 1 0 0 0 0 0
1748 4 0 0 1 0 0 0 0 0
1749 1 0 0 1 0 0 0 0 0
1750 3 1 1 1 0 0 0 0 0
1751 5 0 0 1 0 0 0 0 0
1761 6 0 0 0 0 0 2 0 0
1765 90 1 1 70 0 0 0 0 0
fl=./elf/dl-lookup.c
fn=_dl_lookup_symbol_x
581 178 0 0 0 0 0 0 0 0
582 5524 0 0 1381 76 76 0 0 0
583 5168 1 1 0 0 0 0 0 0
584 89 0 0 0 0 0 0 0 0
841 1157 1 1 0 0 0 890 2 1
843 178 0 0 0 0 0 89 0 0
844 178 1 1 0 0 0 178 1 0
847 89 0 0 89 1 0 0 0 0
851 334 0 0 167 0 0 0 0 0
853 534 1 1 178 0 0 89 0 0
854 178 0 0 89 0 0 0 0 0
856 178 0 0 178 3 1 0 0 0
860 228 0 0 10 0 0 0 0 0
861 1513 1 1 534 0 0 623 1 0
866 178 0 0 89 0 0 0 0 0
868 60 1 1 10 0 0 0 0 0
885 10 1 1 0 0 0 10 0 0
886 20 0 0 0 0 0 0 0 0
889 89 0 0 89 0 0 0 0 0
890 553 1 1 79 0 0 0 0 0
930 395 0 0 158 0 0 0 0 0
944 237 0 0 79 2 1 0 0 0
945 2 1 1 0 0 0 1 0 0
947 237 1 1 79 0 0 0 0 0
952 158 0 0 79 0 0 79 0 0
954 801 0 0 623 0 0 0 0 0
fn=_dl_setup_hash
964 12 1 1 4 0 0 0 0 0
966 4 0 0 4 0 0 0 0 0
968 8 1 1 4 4 4 4 1 1
969 4 0 0 4 0 0 0 0 0
970 4 0 0 4 1 1 0 0 0
972 12 0 0 0 0 0 0 0 0
973 4 0 0 0 0 0 4 0 0
974 12 1 1 4 0 0 4 0 0
976 4 0 0 0 0 0 4 0 0
977 8 0 0 0 0 0 0 0 0
979 4 0 0 0 0 0 4 0 0
981 12 0 0 0 0 0 4 0 0
986 4 0 0 4 0 0 0 0 0
fn=check_match
75 972 2 2 162 0 0 405 1 1
78 567 0 0 162 24 22 0 0 0
91 474 1 1 0 0 0 0 0 0
94 248 0 0 30 0 0 15 0 0
98 79 0 0 79 0 0 0 0 0
99 158 0 0 0 0 0 0 0 0
101 156 0 0 0 0 0 0 0 0
120 156 0 0 156 6 4 0 0 0
121 624 1 1 234 1 0 0 0 0
122 390 1 1 156 0 0 78 0 0
149 2 0 0 0 0 0 0 0 0
151 6 1 1 2 1 1 0 0 0
152 4 0 0 0 0 0 0 0 0
160 83 0 0 0 0 0 0 0 0
167 486 0 0 486 0 0 0 0 0
fn=do_lookup_x
176 21 2 2 12 0 0 0 0 0
181 632 2 2 316 0 0 0 0 0
368 1335 2 2 267 0 0 979 2 1
369 89 0 0 89 1 0 0 0 0
375 89 0 0 89 0 0 0 0 0
379 564 1 1 564 5 0 0 0 0
382 564 0 0 0 0 0 0 0 0
386 1128 1 1 0 0 0 282 0 0
390 564 0 0 282 4 0 0 0 0
394 564 0 0 282 1 0 0 0 0
400 846 0 0 282 1 1 0 0 0
404 282 0 0 0 0 0 282 0 0
405 282 0 0 0 0 0 282 0 0
408 846 1 1 564 8 1 282 0 0
409 846 0 0 564 4 0 282 0 0
412 282 0 0 282 0 0 0 0 0
413 564 0 0 0 0 0 0 0 0
415 282 0 0 282 33 28 0 0 0
416 267 0 0 0 0 0 89 0 0
417 564 0 0 564 0 0 0 0 0
420 1410 0 0 564 0 0 0 0 0
423 1974 0 0 0 0 0 0 0 0
426 164 0 0 164 42 40 0 0 0
427 328 1 1 0 0 0 0 0 0
428 164 0 0 0 0 0 0 0 0
430 164 0 0 82 0 0 0 0 0
433 835 1 1 167 56 55 0 0 0
435 243 0 0 81 0 0 0 0 0
436 2199 2 2 569 0 0 896 1 1
437 162 0 0 0 0 0 0 0 0
440 243 0 0 0 0 0 0 0 0
443 268 0 0 2 0 0 0 0 0
451 89 0 0 0 0 0 0 0 0
474 6 1 1 3 0 0 0 0 0
482 158 1 1 79 0 0 0 0 0
533 158 0 0 0 0 0 0 0 0
536 596 0 0 79 0 0 0 0 0
540 27 1 1 9 1 1 0 0 0
552 158 0 0 79 0 0 79 0 0
553 79 0 0 0 0 0 79 0 0
554 158 0 0 0 0 0 0 0 0
571 609 0 0 0 0 0 0 0 0
574 10 0 0 0 0 0 0 0 0
575 712 1 1 623 0 0 0 0 0
fl=./elf/dl-minimal.c
fn=calloc
92 8 1 1 0 0 0 0 0 0
96 8 0 0 0 0 0 0 0 0
99 16 0 0 0 0 0 0 0 0
100 40 0 0 0 0 0 0 0 0
103 8 0 0 0 0 0 0 0 0
fn=free
111 12 1 1 6 0 0 0 0 0
fn=malloc
49 88 1 1 0 0 0 44 1 1
50 66 0 0 22 0 0 0 0 0
55 3 1 1 0 0 0 1 0 0
56 2 1 1 1 0 0 0 0 0
57 2 0 0 0 0 0 0 0 0
61 88 1 1 22 0 0 22 0 0
64 150 0 0 0 0 0 0 0 0
69 4 0 0 1 0 0 0 0 0
70 4 0 0 0 0 0 0 0 0
72 1 0 0 0 0 0 0 0 0
73 8 0 0 0 0 0 1 0 0
75 2 0 0 0 0 0 0 0 0
77 2 0 0 1 0 0 0 0 0
79 3 0 0 0 0 0 1 0 0
82 22 0 0 0 0 0 22 0 0
83 23 1 1 0 0 0 22 0 0
85 88 0 0 66 0 0 0 0 0
fn=strsep
265 6 1 1 2 1 1 0 0 0
267 4 0 0 2 0 0 0 0 0
268 4 0 0 0 0 0 0 0 0
272 92 1 1 15 0 0 0 0 0
277 56 0 0 0 0 0 0 0 0
279 112 0 0 28 0 0 0 0 0
287 14 0 0 0 0 0 0 0 0
290 1 0 0 0 0 0 1 0 0
294 4 0 0 2 0 0 0 0 0
fl=./elf/dl-misc.c
fn=_dl_name_match_p
282 70 1 1 0 0 0 28 1 1
283 70 1 1 14 0 0 14 0 0
284 17 0 0 0 0 0 0 0 0
286 14 0 0 14 0 0 0 0 0
288 58 0 0 0 0 0 0 0 0
289 90 0 0 18 0 0 18 0 0
292 15 0 0 15 0 0 0 0 0
294 11 0 0 0 0 0 0 0 0
295 56 1 1 42 0 0 0 0 0
fn=_dl_sysdep_read_whole_file
44 8 1 1 0 0 0 4 1 1
47 3 0 0 0 0 0 1 0 0
48 2 0 0 0 0 0 0 0 0
50 7 1 1 0 0 0 1 0 0
52 2 0 0 1 0 0 1 1 1
55 2 0 0 0 0 0 0 0 0
57 8 1 1 0 0 0 1 0 0
68 3 0 0 0 0 0 1 0 0
71 7 0 0 5 0 0 0 0 0
fl=./elf/dl-object.c
fn=_dl_add_to_namespace_list
31 15 1 1 0 0 0 9 0 0
33 9 0 0 3 0 0 3 0 0
35 20 1 1 3 0 0 0 0 0
38 20 0 0 5 0 0 0 0 0
40 2 0 0 0 0 0 2 0 0
42 2 0 0 0 0 0 2 0 0
45 2 0 0 0 0 0 1 0 0
46 9 0 0 3 0 0 0 0 0
47 6 0 0 3 0 0 3 1 1
48 6 0 0 0 0 0 3 0 0
50 6 0 0 3 0 0 0 0 0
51 9 0 0 9 0 0 0 0 0
fn=_dl_new_object
59 36 2 2 0 0 0 27 2 2
62 9 0 0 0 0 0 3 0 0
64 2 1 1 0 0 0 0 0 0
65 6 0 0 0 0 0 0 0 0
69 2 0 0 0 0 0 0 0 0
74 1 0 0 0 0 0 0 0 0
77 2 0 0 2 0 0 0 0 0
80 10 0 0 0 0 0 2 1 1
84 4 0 0 0 0 0 0 0 0
89 17 1 1 0 0 0 9 1 1
92 6 0 0 0 0 0 0 0 0
95 3 0 0 0 0 0 3 2 2
96 9 1 1 3 0 0 3 3 3
100 6 0 0 0 0 0 3 1 1
101 24 0 0 6 0 0 9 0 0
103 3 1 1 0 0 0 3 0 0
116 21 0 0 9 0 0 0 0 0
122 1 0 0 0 0 0 0 0 0
124 21 0 0 6 3 3 6 0 0
127 6 0 0 3 0 0 0 0 0
128 6 1 1 0 0 0 3 3 3
129 3 1 1 0 0 0 3 0 0
133 3 0 0 0 0 0 3 0 0
136 78 0 0 0 0 0 0 0 0
138 16 0 0 0 0 0 16 4 4
146 6 1 1 0 0 0 3 0 0
147 3 0 0 0 0 0 3 3 3
150 1 0 0 0 0 0 0 0 0
152 18 0 0 3 0 0 0 0 0
154 8 0 0 0 0 0 2 2 2
157 8 1 1 0 0 0 0 0 0
161 8 0 0 2 0 0 0 0 0
165 14 0 0 2 0 0 0 0 0
173 2 1 1 0 0 0 1 1 1
176 6 0 0 0 0 0 3 0 0
186 11 0 0 2 0 0 3 0 0
188 10 1 1 2 0 0 4 0 0
192 8 0 0 2 0 0 0 0 0
196 6 0 0 0 0 0 2 0 0
197 8 0 0 0 0 0 0 0 0
205 2 0 0 0 0 0 0 0 0
209 2 0 0 0 0 0 0 0 0
242 8 1 1 4 0 0 2 0 0
247 84 0 0 0 0 0 0 0 0
248 84 0 0 42 0 0 0 0 0
250 4 0 0 0 0 0 0 0 0
253 2 0 0 0 0 0 2 0 0
256 2 0 0 0 0 0 2 0 0
260 27 1 1 21 0 0 0 0 0
fl=./elf/dl-reloc.c
fn=_dl_protect_relro
328 8 0 0 0 0 0 4 0 0
329 24 1 1 12 1 1 0 0 0
332 8 0 0 4 0 0 0 0 0
336 8 0 0 0 0 0 0 0 0
337 20 1 1 0 0 0 4 0 0
343 8 0 0 8 0 0 0 0 0
fn=_dl_relocate_object
167 48 1 1 0 0 0 32 0 0
177 8 0 0 0 0 0 0 0 0
178 24 0 0 0 0 0 12 0 0
182 8 0 0 0 0 0 0 0 0
183 20 1 1 4 1 0 4 0 0
189 8 0 0 4 0 0 0 0 0
195 20 0 0 8 0 0 0 0 0
196 8 1 1 4 3 1 0 0 0
199 8 0 0 0 0 0 0 0 0
206 16 1 1 4 1 1 4 0 0
246 12 0 0 8 0 0 4 0 0
274 177 3 3 84 13 5 22 0 0
277 12 1 1 4 0 0 0 0 0
301 4 0 0 4 0 0 0 0 0
304 8 0 0 4 0 0 0 0 0
321 8 0 0 4 2 2 0 0 0
322 8 1 1 0 0 0 4 0 0
323 32 0 0 28 1 0 0 0 0
fl=./elf/dl-sort-maps.c
fn=_dl_sort_maps
28 24 2 2 0 0 0 20 0 0
30 4 0 0 0 0 0 0 0 0
33 2 0 0 0 0 0 0 0 0
34 20 1 1 0 0 0 2 0 0
35 24 0 0 2 0 0 10 0 0
39 24 1 1 6 0 0 12 0 0
40 18 0 0 12 0 0 0 0 0
42 12 0 0 6 0 0 0 0 0
46 12 1 1 6 0 0 0 0 0
54 48 0 0 18 0 0 0 0 0
56 18 0 0 12 1 1 0 0 0
57 12 0 0 0 0 0 0 0 0
59 18 0 0 6 2 2 0 0 0
60 12 1 1 0 0 0 0 0 0
84 8 0 0 0 0 0 0 0 0
90 21 2 2 3 0 0 0 0 0
115 20 0 0 12 0 0 0 0 0
118 44 1 1 8 0 0 8 0 0
122 16 0 0 14 0 0 0 0 0
fl=./elf/dl-tunables.c
fn=__GI___tunables_init
67 830 0 0 56 0 0 0 0 0
70 165 0 0 0 0 0 0 0 0
73 5305 1 1 750 21 21 0 0 0
77 110 0 0 0 0 0 0 0 0
82 220 0 0 0 0 0 0 0 0
274 4 0 0 1 0 0 0 0 0
283 8 2 2 0 0 0 6 1 1
306 6160 1 1 0 0 0 0 0 0
312 7700 1 1 3080 0 0 0 0 0
324 165 0 0 55 0 0 0 0 0
358 8 0 0 7 0 0 0 0 0
fn=__tunable_get_val
367 78 1 1 8 0 0 0 0 0
376 8 0 0 8 0 0 0 0 0
386 8 1 1 0 0 0 8 0 0
387 8 0 0 0 0 0 0 0 0
393 40 0 0 8 0 0 0 0 0
395 8 0 0 8 0 0 0 0 0
fl=./elf/dl-tunables.h
fn=__GI___tunables_init
119 3171 1 1 1032 8 8 0 0 0
120 1809 0 0 0 0 0 0 0 0
124 10 0 0 10 0 0 0 0 0
fl=./elf/dl-version.c
fn=_dl_check_all_versions
362 5 1 1 0 0 0 4 0 0
364 2 0 0 0 0 0 0 0 0
366 17 0 0 4 0 0 0 0 0
367 4 0 0 0 0 0 0 0 0
368 36 1 1 4 0 0 4 0 0
371 7 0 0 5 0 0 0 0 0
fn=_dl_check_map_versions
37 24 0 0 4 0 0 0 0 0
38 5 0 0 5 0 0 0 0 0
39 35 1 1 0 0 0 7 0 0
57 6 0 0 6 0 0 0 0 0
65 9 0 0 3 0 0 0 0 0
71 9 0 0 3 0 0 0 0 0
87 3 1 1 3 1 0 0 0 0
88 6 0 0 0 0 0 0 0 0
90 3 0 0 3 0 0 0 0 0
95 44 0 0 10 3 3 9 0 0
109 20 0 0 10 0 0 0 0 0
111 3 1 1 3 1 1 0 0 0
114 29 1 1 8 0 0 3 0 0
121 21 1 1 7 0 0 0 0 0
125 7 0 0 0 0 0 0 0 0
143 10 1 1 0 0 0 6 0 0
156 36 1 1 0 0 0 32 0 0
157 4 0 0 0 0 0 4 0 0
165 4 0 0 0 0 0 0 0 0
171 12 0 0 4 0 0 0 0 0
173 12 1 1 4 0 0 4 0 0
175 8 0 0 4 0 0 4 0 0
176 8 0 0 4 0 0 4 0 0
178 8 0 0 0 0 0 0 0 0
181 6 0 0 4 0 0 2 0 0
185 8 1 1 2 2 2 0 0 0
201 6 0 0 6 0 0 0 0 0
209 6 0 0 2 0 0 0 0 0
214 6 0 0 4 0 0 0 0 0
218 29 1 1 23 0 0 0 0 0
220 3 0 0 3 0 0 0 0 0
222 7 0 0 3 0 0 3 0 0
225 12 0 0 3 0 0 0 0 0
228 9 0 0 3 0 0 0 0 0
233 1 0 0 0 0 0 0 0 0
237 8 0 0 4 0 0 0 0 0
251 9 1 1 4 0 0 0 0 0
254 6 0 0 6 0 0 0 0 0
257 152 0 0 37 10 10 0 0 0
260 115 0 0 37 6 6 0 0 0
264 35 0 0 0 0 0 0 0 0
268 6 1 1 0 0 0 0 0 0
273 3 0 0 0 0 0 3 0 0
274 15 2 2 0 0 0 3 0 0
275 6 0 0 0 0 0 0 0 0
285 3 0 0 0 0 0 3 0 0
288 9 0 0 6 1 0 3 0 0
290 9 0 0 3 0 0 0 0 0
293 6 0 0 6 0 0 0 0 0
297 6 1 1 2 0 0 0 0 0
300 9 0 0 3 0 0 0 0 0
302 12 0 0 0 0 0 0 0 0
304 15 1 1 3 0 0 3 0 0
305 6 0 0 0 0 0 3 2 2
306 9 0 0 3 0 0 3 0 0
307 9 0 0 3 0 0 3 1 1
310 9 0 0 3 0 0 0 0 0
315 1 0 0 0 0 0 0 0 0
318 6 0 0 2 0 0 0 0 0
328 9 0 0 3 0 0 0 0 0
331 8 1 1 6 0 0 0 0 0
335 35 0 0 35 0 0 0 0 0
337 74 0 0 37 0 0 0 0 0
341 35 0 0 35 0 0 0 0 0
342 175 0 0 35 0 0 35 9 9
343 105 0 0 35 0 0 35 0 0
344 35 0 0 0 0 0 35 5 5
347 113 1 1 37 0 0 0 0 0
351 35 0 0 0 0 0 0 0 0
357 36 1 1 32 0 0 0 0 0
fl=./elf/do-rel.h
fn=_dl_relocate_object
46 8 0 0 0 0 0 0 0 0
47 16 1 1 0 0 0 8 0 0
48 16 0 0 8 0 0 8 0 0
50 5 0 0 0 0 0 0 0 0
51 6 2 2 0 0 0 4 1 0
58 16 0 0 0 0 0 0 0 0
61 154 0 0 4 0 0 0 0 0
63 192 1 1 48 18 18 0 0 0
65 120 1 1 0 0 0 0 0 0
74 4 0 0 0 0 0 0 0 0
75 129 0 0 1 0 0 0 0 0
76 80 0 0 40 0 0 0 0 0
83 12 0 0 6 0 0 6 0 0
84 6 1 1 6 0 0 0 0 0
86 12 0 0 0 0 0 0 0 0
98 18 0 0 0 0 0 0 0 0
108 8 1 1 4 0 0 0 0 0
111 3668 1 1 3 0 0 0 0 0
112 2438 1 1 1219 154 153 0 0 0
118 18 0 0 6 4 2 0 0 0
121 10 0 0 5 2 1 5 1 0
124 322 0 0 109 1 0 0 0 0
127 416 0 0 104 27 27 0 0 0
136 416 0 0 208 42 40 0 0 0
137 312 0 0 104 0 0 0 0 0
138 460 1 1 104 1 0 104 0 0
139 312 1 1 208 0 0 104 0 0
143 12 1 1 3 0 0 0 0 0
160 19 1 1 6 0 0 1 0 0
162 20 0 0 5 1 1 0 0 0
170 30 0 0 5 0 0 5 0 0
171 15 1 1 10 0 0 5 0 0
174 3 0 0 1 0 0 0 0 0
fn=_dl_start
46 1 0 0 0 0 0 0 0 0
47 4 1 1 0 0 0 0 0 0
83 1 0 0 1 0 0 0 0 0
84 1 0 0 1 0 0 0 0 0
86 3 0 0 1 0 0 0 0 0
111 135 0 0 0 0 0 0 0 0
112 88 0 0 44 6 6 0 0 0
116 2 1 1 1 0 0 0 0 0
124 29 0 0 0 0 0 0 0 0
136 27 1 1 9 2 2 0 0 0
137 18 0 0 0 0 0 0 0 0
139 18 0 0 9 0 0 0 0 0
fl=./elf/get-dynamic-info.h
fn=_dl_map_object_from_fd
42 2 0 0 0 0 0 0 0 0
46 2 0 0 0 0 0 0 0 0
48 141 1 1 47 13 13 0 0 0
50 90 0 0 0 0 0 0 0 0
63 42 0 0 0 0 0 0 0 0
64 28 0 0 0 0 0 8 4 4
65 10 1 1 0 0 0 0 0 0
67 72 0 0 0 0 0 35 7 7
68 10 2 2 0 0 0 0 0 0
69 2 0 0 0 0 0 0 0 0
71 10 0 0 0 0 0 0 0 0
72 4 0 0 0 0 0 0 0 0
73 4 0 0 0 0 0 2 0 0
74 45 0 0 0 0 0 0 0 0
81 4 0 0 0 0 0 0 0 0
101 7 0 0 3 0 0 0 0 0
102 8 1 1 4 0 0 0 0 0
103 8 0 0 4 0 0 0 0 0
104 8 0 0 4 0 0 0 0 0
106 8 0 0 4 0 0 0 0 0
111 8 0 0 4 0 0 0 0 0
112 7 1 1 3 1 1 0 0 0
113 8 0 0 4 0 0 0 0 0
118 6 0 0 2 0 0 0 0 0
123 4 0 0 2 0 0 0 0 0
130 4 0 0 2 0 0 0 0 0
131 6 1 1 4 0 0 0 0 0
149 6 0 0 2 1 1 0 0 0
154 2 0 0 1 0 0 1 0 0
156 2 0 0 0 0 0 0 0 0
158 2 0 0 0 0 0 0 0 0
160 2 0 0 0 0 0 0 0 0
163 6 1 1 2 0 0 0 0 0
165 3 0 0 1 0 0 1 0 0
166 2 0 0 0 0 0 0 0 0
175 2 1 1 1 0 0 0 0 0
176 3 1 1 0 0 0 0 0 0
180 2 0 0 0 0 0 0 0 0
183 4 0 0 2 0 0 0 0 0
fn=_dl_start
48 57 0 0 19 6 6 0 0 0
50 36 1 1 0 0 0 0 0 0
63 21 0 0 0 0 0 0 0 0
64 14 0 0 0 0 0 4 2 2
65 5 1 1 0 0 0 0 0 0
67 14 0 0 0 0 0 13 4 4
68 5 1 1 0 0 0 0 0 0
69 1 0 0 0 0 0 0 0 0
71 5 1 1 0 0 0 0 0 0
72 3 1 1 0 0 0 0 0 0
73 3 0 0 0 0 0 1 1 1
74 18 0 0 0 0 0 0 0 0
81 2 0 0 0 0 0 0 0 0
101 4 0 0 2 0 0 0 0 0
102 4 1 1 2 0 0 0 0 0
103 4 0 0 2 0 0 0 0 0
104 4 0 0 2 0 0 0 0 0
106 4 0 0 2 0 0 0 0 0
111 4 1 1 2 0 0 0 0 0
112 4 0 0 2 0 0 0 0 0
113 4 0 0 2 0 0 0 0 0
118 3 0 0 1 0 0 0 0 0
123 2 0 0 1 0 0 0 0 0
130 3 1 1 1 0 0 0 0 0
131 3 0 0 2 0 0 0 0 0
139 3 0 0 1 0 0 0 0 0
142 3 1 1 1 1 1 0 0 0
146 2 0 0 1 0 0 0 0 0
147 2 0 0 1 0 0 0 0 0
fn=dl_main
33 1 0 0 1 0 0 0 0 0
42 2 1 1 0 0 0 0 0 0
46 1 0 0 0 0 0 0 0 0
48 69 0 0 23 7 7 0 0 0
50 44 1 1 0 0 0 0 0 0
63 25 0 0 0 0 0 0 0 0
64 17 0 0 0 0 0 5 3 3
65 5 1 1 0 0 0 0 0 0
67 17 0 0 0 0 0 16 4 4
68 5 1 1 0 0 0 0 0 0
69 1 0 0 0 0 0 0 0 0
71 5 1 1 0 0 0 0 0 0
72 2 0 0 0 0 0 0 0 0
73 2 0 0 0 0 0 1 0 0
74 22 0 0 0 0 0 0 0 0
81 3 1 1 1 0 0 0 0 0
101 3 0 0 1 0 0 0 0 0
102 4 0 0 2 0 0 0 0 0
103 4 0 0 2 0 0 0 0 0
104 4 0 0 2 0 0 0 0 0
106 4 1 1 2 0 0 0 0 0
111 3 0 0 1 0 0 0 0 0
112 4 0 0 2 0 0 0 0 0
113 4 0 0 2 0 0 0 0 0
118 3 1 1 1 0 0 0 0 0
130 2 0 0 1 0 0 0 0 0
131 3 0 0 2 0 0 0 0 0
149 3 0 0 1 0 0 0 0 0
163 3 1 1 1 0 0 0 0 0
165 3 0 0 1 0 0 1 0 0
166 2 0 0 0 0 0 0 0 0
175 2 1 1 1 0 0 0 0 0
176 3 2 2 0 0 0 0 0 0
180 2 0 0 0 0 0 0 0 0
183 2 0 0 1 0 0 0 0 0
fl=./elf/rtld.c
fn=_dl_start
67 8 0 0 0 0 0 2 1 1
466 2 0 0 0 0 0 1 1 1
467 2 0 0 0 0 0 1 0 0
468 2 1 1 0 0 0 1 0 0
469 2 0 0 0 0 0 1 1 1
470 2 0 0 0 0 0 1 0 0
479 1 0 0 0 0 0 1 0 0
485 4 1 0 0 0 0 1 0 0
487 2 1 1 1 0 0 0 0 0
499 9 1 1 0 0 0 6 1 1
540 1 0 0 0 0 0 1 0 0
543 1 0 0 0 0 0 1 1 1
554 2 0 0 0 0 0 0 0 0
559 17 1 1 8 0 0 0 0 0
561 1 1 1 1 1 1 0 0 0
586 9 0 0 7 2 0 0 0 0
fn=dl_main
67 16 2 2 0 0 0 0 0 0
74 12 0 0 0 0 0 0 0 0
75 2 0 0 0 0 0 1 0 0
83 7 0 0 3 0 0 0 0 0
215 1 1 1 0 0 0 1 1 1
216 1 0 0 0 0 0 1 0 0
217 1 0 0 0 0 0 1 1 1
856 1 0 0 1 0 0 0 0 0
858 1 1 1 0 0 0 1 0 0
867 1 0 0 0 0 0 1 0 0
869 1 0 0 0 0 0 1 0 0
874 1 0 0 0 0 0 1 0 0
1127 14 2 2 0 0 0 9 2 2
1133 1 0 0 0 0 0 1 0 0
1136 1 0 0 0 0 0 0 0 0
1137 1 0 0 0 0 0 1 0 0
1142 2 0 0 0 0 0 1 1 1
1146 2 0 0 0 0 0 1 1 1
1147 2 0 0 0 0 0 1 0 0
1152 2 1 1 0 0 0 1 1 1
1162 4 1 1 2 0 0 0 0 0
1370 8 2 2 0 0 0 1 0 0
1372 2 0 0 0 0 0 0 0 0
1373 1 0 0 0 0 0 1 1 1
1374 2 0 0 1 0 0 1 0 0
1375 3 1 1 2 0 0 1 0 0
1379 3 0 0 0 0 0 1 0 0
1380 2 0 0 1 0 0 0 0 0
1401 1 0 0 0 0 0 1 0 0
1402 1 1 1 0 0 0 1 0 0
1404 1 0 0 0 0 0 1 0 0
1406 1 0 0 1 0 0 0 0 0
1409 39 1 1 1 0 0 0 0 0
1410 99 0 0 19 5 5 0 0 0
1414 3 1 1 1 0 0 1 0 0
1419 3 1 1 2 0 0 1 0 0
1428 2 1 1 0 0 0 1 1 1
1429 2 0 0 2 1 1 0 0 0
1431 1 0 0 0 0 0 1 0 0
1438 3 1 1 1 0 0 0 0 0
1450 1 0 0 0 0 0 0 0 0
1456 1 0 0 0 0 0 1 0 0
1464 8 0 0 4 0 0 0 0 0
1465 17 1 1 5 1 1 0 0 0
1466 8 0 0 4 0 0 0 0 0
1467 1 0 0 0 0 0 1 0 0
1470 8 0 0 4 3 3 0 0 0
1471 8 0 0 4 0 0 0 0 0
1472 4 1 1 0 0 0 4 0 0
1473 10 0 0 5 0 0 0 0 0
1474 1 0 0 0 0 0 1 0 0
1501 2 1 1 1 0 0 1 0 0
1505 2 0 0 1 1 1 1 0 0
1506 2 0 0 1 0 0 1 0 0
1507 1 0 0 0 0 0 0 0 0
1518 3 1 1 1 1 1 0 0 0
1521 3 0 0 1 0 0 0 0 0
1523 3 0 0 1 0 0 0 0 0
1525 2 0 0 1 0 0 0 0 0
1538 3 0 0 1 0 0 0 0 0
1539 7 0 0 2 0 0 2 0 0
1541 3 1 1 3 0 0 0 0 0
1544 1 1 1 0 0 0 1 0 0
1546 1 0 0 0 0 0 1 1 1
1547 1 0 0 0 0 0 1 0 0
1549 3 0 0 2 0 0 0 0 0
1550 2 0 0 0 0 0 1 0 0
1554 2 0 0 1 0 0 0 0 0
1556 2 0 0 0 0 0 0 0 0
1561 2 1 1 0 0 0 1 0 0
1564 2 0 0 1 0 0 0 0 0
1589 10 0 0 1 0 0 2 0 0
1594 2 1 1 1 0 0 1 0 0
1597 4 0 0 1 0 0 2 0 0
1599 1 0 0 0 0 0 1 0 0
1604 2 1 1 1 0 0 0 0 0
1607 4 1 1 2 0 0 1 0 0
1608 4 0 0 1 0 0 1 0 0
1609 2 0 0 1 0 0 1 0 0
1610 1 0 0 0 0 0 1 0 0
1611 1 0 0 1 0 0 0 0 0
1612 1 1 1 1 0 0 0 0 0
1617 2 0 0 1 0 0 0 0 0
1618 6 0 0 1 0 0 1 0 0
1635 2 0 0 1 1 1 0 0 0
1636 2 0 0 1 0 0 0 0 0
1638 2 1 1 1 0 0 0 0 0
1640 1 0 0 0 0 0 1 0 0
1641 3 0 0 1 0 0 1 0 0
1646 5 1 1 0 0 0 0 0 0
1647 5 0 0 1 1 1 0 0 0
1649 2 2 2 1 0 0 1 1 1
1650 2 0 0 1 0 0 1 0 0
1651 1 0 0 0 0 0 0 0 0
1655 2 0 0 1 1 1 0 0 0
1660 1 0 0 0 0 0 1 0 0
1661 2 0 0 1 0 0 0 0 0
1685 2 1 1 0 0 0 2 0 0
1693 3 0 0 1 0 0 0 0 0
1696 2 0 0 1 0 0 1 0 0
1700 3 0 0 1 0 0 0 0 0
1705 2 1 1 1 0 0 1 0 0
1706 1 0 0 0 0 0 1 0 0
1711 3 0 0 1 0 0 0 0 0
1727 3 0 0 2 0 0 0 0 0
1729 1 0 0 0 0 0 0 0 0
1731 2 0 0 1 0 0 0 0 0
1735 5 1 1 1 0 0 1 0 0
1739 2 1 1 1 0 0 0 0 0
1754 5 0 0 0 0 0 1 0 0
1830 4 0 0 2 0 0 0 0 0
1834 9 1 1 0 0 0 0 0 0
1835 1 0 0 0 0 0 0 0 0
1838 3 0 0 0 0 0 1 0 0
1839 1 0 0 1 0 0 0 0 0
1840 2 0 0 0 0 0 0 0 0
1841 2 1 1 0 0 0 0 0 0
1850 8 0 0 1 0 0 1 0 0
1855 19 0 0 1 0 0 0 0 0
1856 12 1 1 9 0 0 0 0 0
1859 3 0 0 2 0 0 1 0 0
1860 3 1 1 1 0 0 0 0 0
1861 1 0 0 0 0 0 1 0 0
1863 11 0 0 0 0 0 0 0 0
1864 11 1 1 5 0 0 0 0 0
1874 2 0 0 0 0 0 1 0 0
1876 3 0 0 1 0 0 1 0 0
1877 3 0 0 1 0 0 0 0 0
1879 2 0 0 0 0 0 1 0 0
1881 3 0 0 0 0 0 0 0 0
1883 3 1 1 1 0 0 0 0 0
1884 1 0 0 1 0 0 0 0 0
1885 2 0 0 0 0 0 0 0 0
1897 2 0 0 0 0 0 0 0 0
1898 2 0 0 1 0 0 1 0 0
1899 3 0 0 1 0 0 0 0 0
1910 5 2 2 1 0 0 1 0 0
1911 1 0 0 0 0 0 1 1 1
1912 5 0 0 0 0 0 1 0 0
1922 2 0 0 1 0 0 1 0 0
1923 2 0 0 1 0 0 0 0 0
1924 4 1 1 0 0 0 2 0 0
1926 2 0 0 1 0 0 0 0 0
1931 3 0 0 1 0 0 0 0 0
2161 3 1 1 1 0 0 0 0 0
2217 2 0 0 0 0 0 1 0 0
2221 2 0 0 1 0 0 1 0 0
2227 2 0 0 1 0 0 1 0 0
2230 3 2 2 1 0 0 0 0 0
2284 3 0 0 1 0 0 0 0 0
2287 1 0 0 1 0 0 0 0 0
2291 1 0 0 1 0 0 0 0 0
2292 20 1 1 1 0 0 1 0 0
2294 8 0 0 8 2 0 0 0 0
2299 8 0 0 8 2 0 0 0 0
2301 11 0 0 1 1 1 0 0 0
2303 1 1 1 0 0 0 1 0 0
2304 1 0 0 1 0 0 0 0 0
2307 4 1 1 4 0 0 0 0 0
2309 8 0 0 0 0 0 0 0 0
2310 24 0 0 6 2 0 3 0 0
2314 10 0 0 5 1 1 0 0 0
2315 4 0 0 0 0 0 1 0 0
2323 2 1 1 1 0 0 0 0 0
2325 1 0 0 0 0 0 0 0 0
2328 4 0 0 2 1 1 0 0 0
2330 1 0 0 1 0 0 0 0 0
2337 3 0 0 1 0 0 1 0 0
2340 2 1 1 1 0 0 0 0 0
2349 3 1 1 2 1 0 0 0 0
2351 4 0 0 1 0 0 0 0 0
2364 1 0 0 1 0 0 0 0 0
2365 5 1 1 1 0 0 1 0 0
2375 1 0 0 0 0 0 1 0 0
2379 3 1 1 1 0 0 0 0 0
2400 3 0 0 0 0 0 1 0 0
2401 1 0 0 0 0 0 1 0 0
2402 1 0 0 0 0 0 1 0 0
2407 1 0 0 0 0 0 1 0 0
2412 8 0 0 7 2 2 0 0 0
2554 2 0 0 1 0 0 1 0 0
2556 2 0 0 0 0 0 1 0 0
2557 1 0 0 0 0 0 1 0 0
2561 6 0 0 1 0 0 1 1 1
2563 15 1 1 0 0 0 3 1 1
2565 2 0 0 0 0 0 0 0 0
2567 107 0 0 21 0 0 0 0 0
2568 19 0 0 0 0 0 0 0 0
2576 12 1 1 2 1 1 0 0 0
2597 2 1 1 1 0 0 0 0 0
2604 6 2 2 3 0 0 0 0 0
2606 2 0 0 0 0 0 1 0 0
2607 1 0 0 0 0 0 0 0 0
2652 3 2 2 1 0 0 0 0 0
2653 5 1 1 2 0 0 0 0 0
2655 2 0 0 0 0 0 1 1 1
2656 1 0 0 0 0 0 0 0 0
2706 1 0 0 0 0 0 0 0 0
2725 3 0 0 1 0 0 0 0 0
2757 3 0 0 1 0 0 0 0 0
fn=do_preload
807 6 1 1 0 0 0 3 0 0
809 1 0 0 0 0 0 1 0 0
813 1 0 0 0 0 0 1 0 0
814 1 0 0 0 0 0 1 0 0
815 1 0 0 0 0 0 1 0 0
817 1 0 0 1 0 0 0 0 0
819 6 1 1 0 0 0 1 0 0
820 3 0 0 1 0 0 0 0 0
828 3 0 0 1 0 0 0 0 0
834 5 0 0 4 0 0 0 0 0
fn=handle_preload_list
201 3 0 0 1 0 0 0 0 0
897 7 2 2 0 0 0 6 0 0
898 1 0 0 0 0 0 0 0 0
902 7 0 0 2 0 0 0 0 0
905 4 1 1 0 0 0 1 1 1
906 3 0 0 0 0 0 0 0 0
908 6 0 0 0 0 0 1 0 0
909 2 1 1 0 0 0 1 0 0
915 1 0 0 0 0 0 0 0 0
917 2 0 0 1 0 0 0 0 0
919 2 0 0 1 0 0 0 0 0
920 5 0 0 0 0 0 1 0 0
923 9 0 0 7 0 0 0 0 0
fn=init_tls
735 3 1 1 0 0 0 2 0 0
737 2 0 0 1 0 0 1 0 0
741 3 0 0 1 0 0 0 0 0
747 2 0 0 0 0 0 1 0 0
750 1 0 0 0 0 0 1 0 0
751 3 1 1 0 0 0 1 0 0
752 1 0 0 0 0 0 0 0 0
756 1 0 0 0 0 0 0 0 0
758 1 0 0 0 0 0 1 0 0
762 2 0 0 1 1 1 0 0 0
763 3 1 1 0 0 0 0 0 0
764 11 0 0 1 0 0 0 0 0
765 4 0 0 4 0 0 0 0 0
766 8 0 0 4 0 0 0 0 0
770 6 0 0 0 0 0 1 0 0
772 1 0 0 0 0 0 0 0 0
774 4 0 0 0 0 0 0 0 0
777 2 1 1 0 0 0 1 0 0
780 1 0 0 0 0 0 1 0 0
787 2 0 0 0 0 0 1 0 0
788 2 0 0 0 0 0 0 0 0
794 2 0 0 1 0 0 1 0 0
797 8 0 0 0 0 0 2 0 0
800 1 1 1 0 0 0 1 0 0
803 5 1 1 3 0 0 0 0 0
fn=map_doit
642 2 1 1 0 0 0 1 0 0
644 4 0 0 1 0 0 0 0 0
645 6 1 1 2 0 0 2 0 0
647 2 0 0 2 0 0 0 0 0
fn=rtld_lock_default_lock_recursive
841 4 1 1 4 1 1 0 0 0
842 4 0 0 4 0 0 0 0 0
fn=rtld_lock_default_unlock_recursive
847 4 0 0 4 0 0 0 0 0
848 4 0 0 4 0 0 0 0 0
fn=version_check_doit
675 2 1 1 0 0 0 1 0 0
677 6 0 0 2 0 0 1 0 0
681 2 1 1 2 0 0 0 0 0
fl=./io/../sysdeps/unix/sysv/linux/access.c
fn=access
27 7 0 0 0 0 0 1 0 0
31 1 0 0 1 0 0 0 0 0
fl=./io/../sysdeps/unix/sysv/linux/close_nocancel.c
fn=__GI___close_nocancel
26 12 1 1 0 0 0 0 0 0
27 3 0 0 3 0 0 0 0 0
fl=./io/../sysdeps/unix/sysv/linux/open64_nocancel.c
fn=__open_nocancel
34 33 0 0 0 0 0 11 0 0
37 77 1 1 0 0 0 0 0 0
45 101 2 2 0 0 0 8 0 0
47 11 0 0 11 0 0 0 0 0
fl=./io/../sysdeps/unix/sysv/linux/read_nocancel.c
fn=__read_nocancel
26 8 1 1 0 0 0 0 0 0
27 2 0 0 2 0 0 0 0 0
fl=./io/../sysdeps/unix/sysv/linux/wordsize-64/fxstat.c
fn=_fxstat
33 9 1 1 0 0 0 0 0 0
34 6 0 0 0 0 0 0 0 0
35 12 0 0 0 0 0 0 0 0
39 3 0 0 3 0 0 0 0 0
fl=./io/../sysdeps/unix/sysv/linux/wordsize-64/xstat.c
fn=_xstat
33 24 1 1 0 0 0 0 0 0
34 16 0 0 0 0 0 0 0 0
35 60 0 0 7 0 0 7 0 0
39 1 0 0 1 0 0 0 0 0
fl=./libio/../sysdeps/unix/sysv/linux/x86/lowlevellock.h
fn=_IO_cleanup
47 2 0 0 1 0 0 0 0 0
fn=_IO_flush_all_lockp
47 2 1 1 1 0 0 0 0 0
fl=./libio/genops.c
fn=_IO_cleanup
786 7 1 1 1 0 0 2 0 0
787 10 2 2 4 0 0 2 0 0
790 12 0 0 4 0 0 0 0 0
799 9 1 1 3 0 0 0 0 0
801 6 0 0 2 0 0 0 0 0
807 2 0 0 1 0 0 0 0 0
838 3 0 0 0 0 0 3 0 0
842 10 1 1 3 0 0 2 0 0
843 2 1 1 0 0 0 0 0 0
863 10 2 2 1 0 0 7 0 0
866 3 0 0 0 0 0 1 0 0
878 12 0 0 9 0 0 0 0 0
fn=_IO_flush_all_lockp
686 8 1 1 0 0 0 6 0 0
687 1 0 0 0 0 0 0 0 0
691 10 1 1 2 1 1 4 0 0
692 10 1 1 4 1 1 2 0 0
695 12 0 0 4 4 4 0 0 0
697 3 1 1 0 0 0 3 0 0
698 6 0 0 0 0 0 0 0 0
699 2 1 1 1 0 0 0 0 0
701 21 2 2 9 6 6 0 0 0
709 6 1 1 0 0 0 0 0 0
711 3 0 0 0 0 0 3 0 0
715 10 1 1 3 0 0 2 0 0
716 3 0 0 1 0 0 0 0 0
720 12 0 0 9 0 0 0 0 0
fl=./libio/libioP.h
fn=_IO_cleanup
941 4 0 0 0 0 0 1 0 0
fn=_IO_flush_all_lockp
941 3 0 0 0 0 0 0 0 0
fl=./libio/vtables.c
fn=check_stdfiles_vtables
84 4 1 1 2 0 0 0 0 0
85 3 1 1 2 1 0 0 0 0
86 3 0 0 2 0 0 0 0 0
88 1 0 0 1 0 0 0 0 0
fl=./malloc/scratch_buffer_set_array_size.c
fn=__libc_scratch_buffer_set_array_size
30 8 0 0 0 0 0 6 0 0
31 4 0 0 0 0 0 0 0 0
34 4 1 1 0 0 0 0 0 0
35 4 1 1 0 0 0 0 0 0
45 4 0 0 2 0 0 0 0 0
46 2 0 0 0 0 0 0 0 0
63 8 1 1 8 0 0 0 0 0
fl=./misc/../sysdeps/unix/syscall-template.S
fn=mprotect
117 16 1 1 0 0 0 0 0 0
122 4 0 0 4 0 0 0 0 0
fn=munmap
117 4 0 0 0 0 0 0 0 0
122 1 0 0 1 0 0 0 0 0
fl=./misc/../sysdeps/unix/sysv/linux/mmap64.c
fn=mmap
48 44 0 0 0 0 0 22 1 1
51 22 1 1 0 0 0 0 0 0
54 44 1 1 0 0 0 0 0 0
59 66 0 0 0 0 0 0 0 0
61 33 0 0 33 0 0 0 0 0
fl=./misc/init-misc.c
fn=__init_misc
30 4 0 0 0 0 0 2 0 0
31 5 1 1 1 0 0 0 0 0
33 3 0 0 0 0 0 1 0 0
37 5 1 1 1 0 0 1 1 0
38 3 0 0 2 0 0 1 0 0
40 4 0 0 3 0 0 0 0 0
fl=./nptl/../malloc/dynarray-skeleton.c
fn=__unregister_atfork
239 2 0 0 2 0 0 0 0 0
fl=./nptl/../sysdeps/unix/sysv/linux/x86/lowlevellock.h
fn=__unregister_atfork
47 4 0 0 2 1 1 0 0 0
fl=./nptl/register-atfork.c
fn=__unregister_atfork
68 4 0 0 0 0 0 0 0 0
79 4 1 1 0 0 0 2 0 0
80 6 1 1 2 0 0 0 0 0
106 8 1 1 4 0 0 0 0 0
107 4 0 0 4 0 0 0 0 0
fl=./posix/../sysdeps/unix/syscall-template.S
fn=uname
120 4 1 1 0 0 0 0 0 0
122 1 0 0 1 0 0 0 0 0
fl=./posix/../sysdeps/unix/sysv/linux/_exit.c
fn=_Exit
27 1 1 1 1 1 1 0 0 0
31 3 0 0 0 0 0 0 0 0
33 2 1 1 0 0 0 0 0 0
fl=./setjmp/../sysdeps/x86_64/bsd-_setjmp.S
fn=_setjmp
30 1 1 1 0 0 0 0 0 0
32 1 0 0 0 0 0 0 0 0
fl=./setjmp/../sysdeps/x86_64/setjmp.S
fn=__sigsetjmp
32 4 2 2 0 0 0 4 0 0
41 4 0 0 0 0 0 0 0 0
42 8 0 0 4 0 0 0 0 0
43 4 0 0 0 0 0 4 0 0
47 4 0 0 0 0 0 4 1 1
48 4 0 0 0 0 0 4 0 0
49 4 1 1 0 0 0 4 0 0
50 4 0 0 0 0 0 4 0 0
51 4 0 0 0 0 0 0 0 0
53 8 0 0 4 0 0 0 0 0
55 4 0 0 0 0 0 4 1 1
56 4 0 0 4 0 0 0 0 0
59 8 1 1 4 0 0 0 0 0
61 4 0 0 0 0 0 4 0 0
80 3 0 0 0 0 0 0 0 0
81 3 0 0 3 0 0 0 0 0
84 1 0 0 0 0 0 0 0 0
fl=./setjmp/sigjmp.c
fn=__sigjmp_save
28 2 1 1 0 0 0 1 0 0
29 1 0 0 0 0 0 1 0 0
30 2 0 0 0 0 0 0 0 0
34 3 0 0 2 0 0 0 0 0
fl=./stdlib/../sysdeps/unix/sysv/linux/x86/lowlevellock.h
fn=__cxa_finalize
47 6 0 0 2 0 0 0 0 0
51 2 0 0 0 0 0 0 0 0
fn=__internal_atexit
47 3 0 0 1 1 1 0 0 0
fn=__run_exit_handlers
47 6 0 0 3 1 1 0 0 0
fl=./stdlib/cxa_atexit.c
fn=__cxa_atexit
70 2 1 1 0 0 0 0 0 0
fn=__internal_atexit
36 5 1 1 0 0 0 5 0 0
41 6 0 0 0 0 0 0 0 0
43 3 0 0 1 0 0 0 0 0
44 2 1 1 0 0 0 1 0 0
46 2 0 0 0 0 0 0 0 0
53 3 0 0 1 0 0 0 0 0
55 1 0 0 0 0 0 1 0 0
56 1 0 0 0 0 0 1 1 0
57 1 0 0 0 0 0 1 0 0
58 1 0 0 0 0 0 1 0 0
59 4 1 1 2 0 0 0 0 0
61 7 0 0 6 0 0 0 0 0
fn=__new_exitfn
82 4 0 0 0 0 0 2 0 0
83 2 0 0 0 0 0 0 0 0
88 2 1 1 1 1 0 0 0 0
93 8 1 1 2 0 0 0 0 0
95 4 0 0 1 0 0 0 0 0
103 1 1 1 0 0 0 1 0 0
124 1 0 0 0 0 0 0 0 0
125 2 1 1 0 0 0 1 0 0
138 1 0 0 0 0 0 1 0 0
139 1 0 0 1 0 0 0 0 0
143 5 0 0 3 0 0 0 0 0
fl=./stdlib/cxa_finalize.c
fn=__cxa_finalize
30 16 1 1 0 0 0 12 0 0
33 6 0 0 2 0 0 0 0 0
36 12 2 2 4 0 0 0 0 0
40 14 0 0 2 0 0 0 0 0
94 14 1 1 4 0 0 0 0 0
98 14 0 0 2 1 1 0 0 0
106 4 0 0 0 0 0 0 0 0
107 4 0 0 0 0 0 2 0 0
109 8 1 1 4 0 0 0 0 0
110 16 0 0 14 0 0 0 0 0
fl=./stdlib/cxa_thread_atexit_impl.c
fn=__call_tls_dtors
145 3 1 1 0 0 0 2 0 0
146 4 0 0 2 2 2 0 0 0
164 4 1 1 3 0 0 0 0 0
fl=./stdlib/exit.c
fn=__run_exit_handlers
40 10 1 1 0 0 0 7 0 0
45 3 1 1 0 0 0 0 0 0
46 2 1 1 0 0 0 1 0 0
56 8 0 0 2 1 1 0 0 0
59 2 0 0 2 1 1 0 0 0
61 5 0 0 0 0 0 0 0 0
65 1 0 0 0 0 0 1 1 1
66 4 0 0 2 0 0 0 0 0
70 6 1 1 2 0 0 0 0 0
72 2 0 0 0 0 0 1 0 0
73 1 1 1 1 0 0 0 0 0
76 4 0 0 2 0 0 0 0 0
77 8 0 0 1 0 0 0 0 0
103 1 1 1 0 0 0 1 0 0
106 3 0 0 2 0 0 0 0 0
108 3 0 0 1 1 1 1 0 0
109 1 0 0 0 0 0 0 0 0
112 3 0 0 1 0 0 0 0 0
114 2 0 0 1 0 0 0 0 0
120 2 1 1 1 0 0 1 0 0
121 2 0 0 0 0 0 0 0 0
126 5 1 1 2 0 0 0 0 0
129 2 0 0 1 0 0 0 0 0
130 9 1 1 1 1 1 1 0 0
132 2 0 0 0 0 0 1 0 0
fn=exit
138 1 1 1 0 0 0 0 0 0
139 4 0 0 0 0 0 1 0 0
fl=./string/../bits/stdlib-bsearch.h
fn=intel_check_word.constprop.0
27 24 0 0 0 0 0 0 0 0
28 12 0 0 0 0 0 0 0 0
29 162 0 0 0 0 0 0 0 0
31 162 0 0 0 0 0 0 0 0
32 81 0 0 0 0 0 0 0 0
35 66 0 0 0 0 0 0 0 0
37 30 0 0 0 0 0 0 0 0
fl=./string/../sysdeps/x86/cacheinfo.c
fn=handle_intel.constprop.0
259 21 1 1 0 0 0 18 0 0
261 9 0 0 6 0 0 3 0 0
264 6 0 0 3 0 0 0 0 0
270 6 0 0 0 0 0 3 0 0
272 6 1 1 0 0 0 3 0 0
273 3 0 0 0 0 0 3 0 0
275 9 0 0 0 0 0 0 0 0
281 15 1 1 0 0 0 3 0 0
286 6 0 0 0 0 0 0 0 0
288 6 0 0 0 0 0 3 0 0
289 3 0 0 0 0 0 0 0 0
293 12 0 0 0 0 0 3 0 0
295 6 0 0 0 0 0 0 0 0
298 15 0 0 0 0 0 3 0 0
300 6 0 0 0 0 0 0 0 0
319 33 1 1 27 0 0 0 0 0
fn=init_cacheinfo
488 7 0 0 0 0 0 6 0 0
500 2 1 1 1 0 0 1 0 0
502 4 1 1 2 0 0 0 0 0
504 3 0 0 0 0 0 1 0 0
506 3 1 1 0 0 0 2 0 0
510 1 0 0 0 0 0 1 0 0
511 3 0 0 0 0 0 1 0 0
519 2 0 0 0 0 0 0 0 0
530 1 0 0 0 0 0 0 0 0
535 2 0 0 1 0 0 0 0 0
539 2 0 0 1 0 0 0 0 0
547 12 2 2 0 0 0 0 0 0
550 13 0 0 0 0 0 0 0 0
556 8 0 0 0 0 0 0 0 0
559 26 0 0 0 0 0 0 0 0
564 2 1 1 0 0 0 0 0 0
568 3 0 0 0 0 0 0 0 0
569 2 0 0 0 0 0 0 0 0
573 6 0 0 0 0 0 0 0 0
577 3 0 0 0 0 0 0 0 0
580 3 0 0 0 0 0 0 0 0
581 1 0 0 0 0 0 0 0 0
586 4 0 0 0 0 0 0 0 0
592 2 1 1 1 0 0 0 0 0
600 9 0 0 1 0 0 0 0 0
602 7 0 0 0 0 0 0 0 0
604 7 1 1 0 0 0 0 0 0
606 6 0 0 0 0 0 0 0 0
609 2 0 0 0 0 0 0 0 0
610 8 0 0 0 0 0 0 0 0
612 4 0 0 0 0 0 0 0 0
615 2 0 0 0 0 0 0 0 0
620 1 0 0 0 0 0 0 0 0
622 4 1 1 0 0 0 0 0 0
623 3 0 0 0 0 0 0 0 0
624 2 0 0 0 0 0 0 0 0
627 2 0 0 0 0 0 0 0 0
630 2 1 1 0 0 0 0 0 0
634 2 0 0 1 0 0 0 0 0
637 1 0 0 0 0 0 0 0 0
639 4 0 0 0 0 0 0 0 0
640 1 0 0 0 0 0 0 0 0
645 2 0 0 0 0 0 0 0 0
651 2 0 0 0 0 0 0 0 0
652 2 0 0 0 0 0 0 0 0
653 1 0 0 0 0 0 0 0 0
654 2 0 0 1 0 0 0 0 0
691 4 1 1 0 0 0 0 0 0
692 5 0 0 0 0 0 0 0 0
696 2 0 0 0 0 0 0 0 0
769 3 0 0 1 0 0 0 0 0
772 2 1 1 0 0 0 0 0 0
774 3 0 0 0 0 0 1 0 0
775 1 0 0 0 0 0 1 1 1
777 1 0 0 0 0 0 0 0 0
778 3 0 0 0 0 0 1 0 0
779 1 0 0 0 0 0 1 0 0
782 3 0 0 1 1 0 0 0 0
785 2 0 0 0 0 0 0 0 0
787 3 0 0 0 0 0 1 0 0
788 1 1 1 0 0 0 1 1 1
790 1 0 0 0 0 0 0 0 0
791 3 0 0 0 0 0 1 0 0
792 1 0 0 0 0 0 1 0 0
806 2 0 0 1 0 0 1 1 1
808 6 0 0 1 0 0 0 0 0
809 8 0 0 7 0 0 0 0 0
fn=intel_check_word.constprop.0
119 162 0 0 81 6 6 0 0 0
122 81 0 0 0 0 0 0 0 0
128 30 1 1 0 0 0 18 0 0
132 18 1 1 0 0 0 0 0 0
134 3 1 1 0 0 0 0 0 0
138 42 0 0 0 0 0 0 0 0
140 36 0 0 0 0 0 0 0 0
142 15 0 0 0 0 0 0 0 0
144 30 0 0 0 0 0 0 0 0
152 30 0 0 0 0 0 0 0 0
161 3 0 0 0 0 0 0 0 0
164 30 0 0 0 0 0 0 0 0
167 24 0 0 0 0 0 0 0 0
171 16 1 1 0 0 0 0 0 0
173 48 0 0 0 0 0 0 0 0
174 6 0 0 0 0 0 0 0 0
175 20 0 0 0 0 0 0 0 0
176 4 0 0 0 0 0 0 0 0
177 12 1 1 0 0 0 0 0 0
178 8 0 0 0 0 0 0 0 0
179 2 0 0 0 0 0 0 0 0
181 3 0 0 0 0 0 0 0 0
183 6 0 0 0 0 0 0 0 0
185 9 1 1 0 0 0 0 0 0
186 12 0 0 0 0 0 0 0 0
187 9 0 0 0 0 0 0 0 0
188 15 0 0 0 0 0 0 0 0
196 5 0 0 0 0 0 0 0 0
203 48 0 0 0 0 0 0 0 0
208 18 0 0 6 0 0 0 0 0
211 36 1 1 12 0 0 0 0 0
225 12 1 1 0 0 0 0 0 0
255 24 0 0 24 0 0 0 0 0
fl=./string/../sysdeps/x86_64/multiarch/../strchr.S
fn=index
24 6 1 1 0 0 0 0 0 0
25 6 0 0 0 0 0 0 0 0
26 6 0 0 0 0 0 0 0 0
27 6 0 0 0 0 0 0 0 0
28 6 0 0 0 0 0 0 0 0
29 6 0 0 0 0 0 0 0 0
30 6 0 0 0 0 0 0 0 0
31 6 0 0 0 0 0 0 0 0
32 6 0 0 6 2 2 0 0 0
33 6 0 0 0 0 0 0 0 0
34 6 0 0 0 0 0 0 0 0
35 6 1 1 0 0 0 0 0 0
36 6 0 0 0 0 0 0 0 0
37 6 0 0 0 0 0 0 0 0
38 6 0 0 0 0 0 0 0 0
39 6 0 0 0 0 0 0 0 0
40 6 0 0 0 0 0 0 0 0
41 4 0 0 0 0 0 0 0 0
45 4 0 0 0 0 0 0 0 0
46 4 0 0 0 0 0 0 0 0
47 4 0 0 4 0 0 0 0 0
48 4 0 0 0 0 0 0 0 0
50 4 0 0 4 0 0 0 0 0
54 2 0 0 2 0 0 0 0 0
55 2 0 0 0 0 0 0 0 0
56 2 0 0 0 0 0 0 0 0
57 2 0 0 0 0 0 0 0 0
58 2 0 0 0 0 0 0 0 0
59 2 1 1 0 0 0 0 0 0
60 2 0 0 2 1 1 0 0 0
61 2 0 0 0 0 0 0 0 0
62 2 0 0 0 0 0 0 0 0
63 2 0 0 0 0 0 0 0 0
64 2 0 0 0 0 0 0 0 0
65 2 0 0 0 0 0 0 0 0
66 2 0 0 0 0 0 0 0 0
67 2 0 0 2 0 0 0 0 0
68 2 0 0 0 0 0 0 0 0
69 2 0 0 0 0 0 0 0 0
70 2 0 0 0 0 0 0 0 0
71 2 0 0 0 0 0 0 0 0
72 2 0 0 0 0 0 0 0 0
73 2 0 0 0 0 0 0 0 0
74 2 0 0 0 0 0 0 0 0
75 2 1 1 0 0 0 0 0 0
76 2 0 0 0 0 0 0 0 0
77 3 0 0 0 0 0 0 0 0
82 1 0 0 0 0 0 0 0 0
83 1 0 0 0 0 0 0 0 0
86 1 0 0 0 0 0 0 0 0
87 1 0 0 1 0 0 0 0 0
88 1 0 0 1 0 0 0 0 0
89 1 0 0 1 0 0 0 0 0
90 1 0 0 0 0 0 0 0 0
91 1 0 0 1 0 0 0 0 0
92 1 0 0 0 0 0 0 0 0
93 1 0 0 0 0 0 0 0 0
94 1 0 0 1 0 0 0 0 0
95 1 1 1 0 0 0 0 0 0
96 1 0 0 1 0 0 0 0 0
97 1 0 0 1 0 0 0 0 0
98 1 0 0 0 0 0 0 0 0
99 1 0 0 1 0 0 0 0 0
100 1 0 0 0 0 0 0 0 0
101 1 0 0 0 0 0 0 0 0
102 1 0 0 0 0 0 0 0 0
103 1 0 0 0 0 0 0 0 0
105 1 0 0 0 0 0 0 0 0
106 1 0 0 0 0 0 0 0 0
108 1 0 0 1 0 0 0 0 0
109 1 0 0 0 0 0 0 0 0
110 1 0 0 0 0 0 0 0 0
111 1 0 0 0 0 0 0 0 0
112 1 0 0 0 0 0 0 0 0
113 1 1 1 0 0 0 0 0 0
114 1 0 0 0 0 0 0 0 0
115 1 0 0 0 0 0 0 0 0
117 1 0 0 0 0 0 0 0 0
118 1 0 0 0 0 0 0 0 0
119 1 0 0 0 0 0 0 0 0
120 1 0 0 0 0 0 0 0 0
121 1 0 0 0 0 0 0 0 0
122 1 0 0 0 0 0 0 0 0
123 1 0 0 0 0 0 0 0 0
124 1 0 0 0 0 0 0 0 0
125 1 0 0 0 0 0 0 0 0
126 1 0 0 0 0 0 0 0 0
129 2 0 0 0 0 0 0 0 0
133 2 0 0 0 0 0 0 0 0
134 2 0 0 0 0 0 0 0 0
135 2 0 0 2 0 0 0 0 0
136 2 1 1 0 0 0 0 0 0
138 2 0 0 2 0 0 0 0 0
fl=./string/../sysdeps/x86_64/multiarch/ifunc-avx2.h
fn=memchr
32 2 0 0 0 0 0 0 0 0
33 5 1 1 2 0 0 0 0 0
35 2 0 0 0 0 0 0 0 0
36 2 1 1 1 0 0 0 0 0
37 3 0 0 1 0 0 0 0 0
40 3 0 0 0 0 0 0 0 0
43 4 0 0 1 0 0 0 0 0
fn=memrchr
32 2 0 0 0 0 0 0 0 0
33 5 1 1 2 0 0 0 0 0
35 2 0 0 0 0 0 0 0 0
36 2 1 1 1 0 0 0 0 0
37 3 0 0 1 0 0 0 0 0
40 3 0 0 0 0 0 0 0 0
43 4 0 0 1 0 0 0 0 0
fn=rawmemchr
32 2 0 0 0 0 0 0 0 0
33 5 2 2 2 0 0 0 0 0
35 2 0 0 0 0 0 0 0 0
36 2 0 0 1 0 0 0 0 0
37 3 0 0 1 0 0 0 0 0
40 3 0 0 0 0 0 0 0 0
43 4 0 0 1 0 0 0 0 0
fn=rindex
32 2 0 0 0 0 0 0 0 0
33 5 0 0 2 0 0 0 0 0
35 2 0 0 0 0 0 0 0 0
36 2 1 1 1 0 0 0 0 0
37 3 0 0 1 0 0 0 0 0
40 3 0 0 0 0 0 0 0 0
43 4 0 0 1 0 0 0 0 0
fn=strchrnul
32 2 0 0 0 0 0 0 0 0
33 5 1 1 2 0 0 0 0 0
35 2 0 0 0 0 0 0 0 0
36 2 0 0 1 0 0 0 0 0
37 3 0 0 1 0 0 0 0 0
40 3 0 0 0 0 0 0 0 0
43 4 0 0 1 0 0 0 0 0
fn=strlen
32 2 0 0 0 0 0 0 0 0
33 5 1 1 2 0 0 0 0 0
35 2 1 1 0 0 0 0 0 0
36 2 0 0 1 0 0 0 0 0
37 3 0 0 1 0 0 0 0 0
40 3 0 0 0 0 0 0 0 0
43 4 0 0 1 0 0 0 0 0
fn=strnlen
32 4 0 0 0 0 0 0 0 0
33 10 1 1 4 0 0 0 0 0
35 4 1 1 0 0 0 0 0 0
36 4 0 0 2 0 0 0 0 0
37 6 0 0 2 0 0 0 0 0
40 6 0 0 0 0 0 0 0 0
43 8 0 0 2 0 0 0 0 0
fl=./string/../sysdeps/x86_64/multiarch/ifunc-memcmp.h
fn=bcmp
34 4 1 1 2 0 0 0 0 0
35 3 0 0 1 0 0 0 0 0
36 3 1 1 1 0 0 0 0 0
38 2 0 0 0 0 0 0 0 0
39 3 0 0 0 0 0 0 0 0
42 3 0 0 1 0 0 0 0 0
45 3 0 0 0 0 0 0 0 0
fl=./string/../sysdeps/x86_64/multiarch/ifunc-memmove.h
fn=memcpy@@GLIBC_2.14
52 2 0 0 0 0 0 0 0 0
53 3 1 1 2 0 0 0 0 0
56 2 0 0 0 0 0 0 0 0
57 2 0 0 1 0 0 0 0 0
61 1 0 0 1 0 0 0 0 0
70 2 1 1 0 0 0 0 0 0
72 2 0 0 1 0 0 0 0 0
80 2 0 0 0 0 0 0 0 0
88 2 1 1 0 0 0 0 0 0
90 5 1 1 1 0 0 0 0 0
fn=memmove
52 4 0 0 0 0 0 0 0 0
53 6 1 1 4 1 0 0 0 0
56 4 0 0 0 0 0 0 0 0
57 4 1 1 2 0 0 0 0 0
61 2 0 0 2 0 0 0 0 0
70 4 0 0 0 0 0 0 0 0
72 4 0 0 2 0 0 0 0 0
80 4 0 0 0 0 0 0 0 0
88 4 1 1 0 0 0 0 0 0
90 10 2 2 2 0 0 0 0 0
fn=mempcpy
52 2 0 0 0 0 0 0 0 0
53 3 1 1 2 0 0 0 0 0
56 2 0 0 0 0 0 0 0 0
57 2 1 1 1 0 0 0 0 0
61 1 0 0 1 0 0 0 0 0
70 2 0 0 0 0 0 0 0 0
72 2 0 0 1 0 0 0 0 0
80 2 0 0 0 0 0 0 0 0
88 2 1 1 0 0 0 0 0 0
90 5 2 2 1 0 0 0 0 0
fl=./string/../sysdeps/x86_64/multiarch/ifunc-memset.h
fn=memset
50 5 0 0 2 0 0 0 0 0
53 2 0 0 0 0 0 0 0 0
54 2 1 1 1 0 0 0 0 0
57 1 0 0 1 0 0 0 0 0
59 3 0 0 1 0 0 0 0 0
68 2 0 0 0 0 0 0 0 0
70 2 0 0 0 0 0 0 0 0
71 1 0 0 0 0 0 0 0 0
79 2 0 0 0 0 0 0 0 0
87 2 1 1 0 0 0 0 0 0
89 5 0 0 0 0 0 0 0 0
fl=./string/../sysdeps/x86_64/multiarch/ifunc-sse4_2.h
fn=strcspn
30 5 1 1 2 0 0 0 0 0
fn=strpbrk
30 5 0 0 2 0 0 0 0 0
fn=strspn
30 5 2 2 2 0 0 0 0 0
fl=./string/../sysdeps/x86_64/multiarch/ifunc-strcasecmp.h
fn=strcasecmp
32 4 2 2 2 0 0 0 0 0
fn=strcasecmp_l
32 4 0 0 2 0 0 0 0 0
fn=strncasecmp
32 4 1 1 2 0 0 0 0 0
fn=strncasecmp_l
32 4 0 0 2 0 0 0 0 0
fl=./string/../sysdeps/x86_64/multiarch/ifunc-strcpy.h
fn=stpcpy
36 2 0 0 0 0 0 0 0 0
37 4 1 1 2 0 0 0 0 0
39 2 0 0 0 0 0 0 0 0
40 3 1 1 1 0 0 0 0 0
43 3 0 0 1 0 0 0 0 0
46 4 0 0 1 0 0 0 0 0
fn=stpncpy
36 2 0 0 0 0 0 0 0 0
37 4 1 1 2 0 0 0 0 0
39 2 0 0 0 0 0 0 0 0
40 3 1 1 1 0 0 0 0 0
43 3 0 0 1 0 0 0 0 0
46 4 0 0 1 0 0 0 0 0
fn=strcat
36 2 0 0 0 0 0 0 0 0
37 4 2 2 2 0 0 0 0 0
39 2 0 0 0 0 0 0 0 0
40 3 1 1 1 0 0 0 0 0
43 3 0 0 1 0 0 0 0 0
46 4 0 0 1 0 0 0 0 0
fn=strcpy
36 2 0 0 0 0 0 0 0 0
37 4 1 1 2 0 0 0 0 0
39 2 0 0 0 0 0 0 0 0
40 3 1 1 1 0 0 0 0 0
43 3 0 0 1 0 0 0 0 0
46 4 0 0 1 0 0 0 0 0
fn=strncpy
36 2 0 0 0 0 0 0 0 0
37 4 1 1 2 0 0 0 0 0
39 2 0 0 0 0 0 0 0 0
40 3 1 1 1 0 0 0 0 0
43 3 0 0 1 0 0 0 0 0
46 4 1 1 1 0 0 0 0 0
fl=./string/../sysdeps/x86_64/multiarch/memchr.c
fn=memchr
29 2 0 0 1 0 0 0 0 0
fl=./string/../sysdeps/x86_64/multiarch/memcmp.c
fn=bcmp
29 1 0 0 1 0 0 0 0 0
fl=./string/../sysdeps/x86_64/multiarch/memmove-vec-unaligned-erms.S
fn=memcpy
143 14 1 1 0 0 0 0 0 0
149 40 0 0 0 0 0 0 0 0
150 40 0 0 0 0 0 0 0 0
151 12 0 0 0 0 0 0 0 0
152 12 0 0 0 0 0 0 0 0
157 8 0 0 8 0 0 0 0 0
158 8 0 0 8 0 0 0 0 0
159 8 0 0 0 0 0 8 3 3
160 8 0 0 0 0 0 8 1 1
163 8 0 0 8 0 0 0 0 0
313 28 0 0 0 0 0 0 0 0
314 28 0 0 0 0 0 0 0 0
315 9 0 0 0 0 0 0 0 0
316 9 0 0 0 0 0 0 0 0
317 4 0 0 0 0 0 0 0 0
318 4 0 0 0 0 0 0 0 0
319 2 0 0 0 0 0 0 0 0
320 1 0 0 1 1 1 0 0 0
321 1 0 0 0 0 0 1 1 1
323 2 0 0 2 0 0 0 0 0
344 19 0 0 19 0 0 0 0 0
345 19 0 0 19 0 0 0 0 0
346 19 0 0 0 0 0 19 3 3
347 19 0 0 0 0 0 19 0 0
348 19 0 0 19 0 0 0 0 0
351 5 0 0 5 0 0 0 0 0
352 5 0 0 5 0 0 0 0 0
353 5 0 0 0 0 0 5 1 1
354 5 0 0 0 0 0 5 0 0
355 5 0 0 5 0 0 0 0 0
358 2 1 1 2 1 1 0 0 0
359 2 0 0 2 0 0 0 0 0
360 2 0 0 0 0 0 2 1 1
361 2 0 0 0 0 0 2 0 0
362 2 0 0 2 0 0 0 0 0
372 4 0 0 0 0 0 0 0 0
373 4 0 0 0 0 0 0 0 0
374 4 0 0 0 0 0 0 0 0
375 4 0 0 0 0 0 0 0 0
377 4 0 0 4 0 0 0 0 0
378 4 0 0 4 0 0 0 0 0
379 4 0 0 4 0 0 0 0 0
380 4 1 1 4 0 0 0 0 0
381 4 0 0 4 0 0 0 0 0
382 4 0 0 4 0 0 0 0 0
383 4 0 0 4 0 0 0 0 0
384 4 0 0 4 0 0 0 0 0
385 4 0 0 0 0 0 4 3 3
386 4 0 0 0 0 0 4 2 2
387 4 0 0 0 0 0 4 0 0
388 4 0 0 0 0 0 4 0 0
389 4 0 0 0 0 0 4 2 2
390 4 0 0 0 0 0 4 0 0
391 4 0 0 0 0 0 4 0 0
392 4 0 0 0 0 0 4 0 0
393 4 0 0 4 0 0 0 0 0
fn=mempcpy
130 26 1 1 0 0 0 0 0 0
131 26 0 0 0 0 0 0 0 0
132 26 0 0 0 0 0 0 0 0
fl=./string/../sysdeps/x86_64/multiarch/memrchr.c
fn=memrchr
29 2 1 1 1 0 0 0 0 0
fl=./string/../sysdeps/x86_64/multiarch/memset-vec-unaligned-erms.S
fn=memset
114 65 1 1 0 0 0 0 0 0
120 13 0 0 0 0 0 0 0 0
121 13 0 0 0 0 0 0 0 0
122 6 1 1 0 0 0 0 0 0
123 6 0 0 0 0 0 0 0 0
125 4 0 0 0 0 0 4 2 2
126 4 0 0 0 0 0 4 0 0
127 4 0 0 4 0 0 0 0 0
189 2 0 0 0 0 0 0 0 0
190 2 0 0 0 0 0 0 0 0
203 2 0 0 0 0 0 0 0 0
204 2 0 0 0 0 0 2 2 2
205 2 0 0 0 0 0 0 0 0
206 2 0 0 0 0 0 2 2 2
207 2 1 1 0 0 0 2 0 0
208 2 0 0 0 0 0 2 0 0
209 2 0 0 0 0 0 2 1 1
210 2 0 0 0 0 0 2 0 0
211 2 0 0 0 0 0 2 0 0
212 2 0 0 0 0 0 2 0 0
213 2 0 0 0 0 0 0 0 0
214 2 0 0 0 0 0 0 0 0
215 2 0 0 0 0 0 0 0 0
216 2 0 0 0 0 0 0 0 0
218 34 0 0 0 0 0 34 31 31
219 34 0 0 0 0 0 34 0 0
220 34 0 0 0 0 0 34 0 0
221 34 0 0 0 0 0 34 0 0
222 34 0 0 0 0 0 0 0 0
223 34 0 0 0 0 0 0 0 0
224 34 0 0 0 0 0 0 0 0
225 2 0 0 2 0 0 0 0 0
239 7 1 1 0 0 0 0 0 0
240 7 0 0 0 0 0 0 0 0
241 7 0 0 0 0 0 0 0 0
242 6 0 0 0 0 0 0 0 0
243 6 0 0 0 0 0 0 0 0
244 2 0 0 0 0 0 0 0 0
245 2 0 0 0 0 0 0 0 0
266 1 0 0 0 0 0 1 1 1
267 1 0 0 0 0 0 1 0 0
268 1 0 0 1 0 0 0 0 0
271 4 0 0 0 0 0 4 0 0
272 4 0 0 0 0 0 4 0 0
273 4 0 0 4 0 0 0 0 0
276 2 0 0 0 0 0 2 0 0
277 2 0 0 0 0 0 2 0 0
278 2 0 0 2 0 0 0 0 0
fl=./string/../sysdeps/x86_64/multiarch/memset.c
fn=memset
29 2 1 1 1 0 0 0 0 0
fl=./string/../sysdeps/x86_64/multiarch/rawmemchr.c
fn=rawmemchr
31 2 1 1 1 0 0 0 0 0
fl=./string/../sysdeps/x86_64/multiarch/stpcpy.c
fn=stpcpy
33 1 0 0 1 0 0 0 0 0
fl=./string/../sysdeps/x86_64/multiarch/stpncpy.c
fn=stpncpy
31 1 0 0 1 0 0 0 0 0
fl=./string/../sysdeps/x86_64/multiarch/strcasecmp.c
fn=strcasecmp
31 1 0 0 1 0 0 0 0 0
fl=./string/../sysdeps/x86_64/multiarch/strcasecmp_l.c
fn=strcasecmp_l
31 1 1 1 1 0 0 0 0 0
fl=./string/../sysdeps/x86_64/multiarch/strcat.c
fn=strcat
29 1 0 0 1 0 0 0 0 0
fl=./string/../sysdeps/x86_64/multiarch/strchr.c
fn=index
40 2 0 0 0 0 0 0 0 0
41 4 1 1 2 0 0 0 0 0
43 2 0 0 0 0 0 0 0 0
44 2 1 1 1 0 0 0 0 0
45 3 0 0 1 0 0 0 0 0
48 3 0 0 0 0 0 0 0 0
51 4 0 0 1 0 0 0 0 0
61 2 0 0 1 0 0 0 0 0
fl=./string/../sysdeps/x86_64/multiarch/strchrnul.c
fn=strchrnul
31 2 1 1 1 0 0 0 0 0
fl=./string/../sysdeps/x86_64/multiarch/strcmp.c
fn=strcmp
41 2 0 0 0 0 0 0 0 0
42 4 1 1 2 0 0 0 0 0
44 2 0 0 0 0 0 0 0 0
45 2 1 1 1 0 0 0 0 0
46 3 1 1 1 0 0 0 0 0
50 3 0 0 0 0 0 0 0 0
53 5 0 0 1 0 0 0 0 0
66 2 0 0 1 0 0 0 0 0
fl=./string/../sysdeps/x86_64/multiarch/strcpy.c
fn=strcpy
29 1 0 0 1 0 0 0 0 0
fl=./string/../sysdeps/x86_64/multiarch/strcspn.c
fn=strcspn
29 1 0 0 1 0 0 0 0 0
fl=./string/../sysdeps/x86_64/multiarch/strlen-vec.S
fn=strlen
92 13 1 1 0 0 0 0 0 0
93 13 0 0 0 0 0 0 0 0
94 13 0 0 0 0 0 0 0 0
95 13 0 0 0 0 0 0 0 0
96 13 1 1 0 0 0 0 0 0
97 13 0 0 0 0 0 0 0 0
98 13 0 0 0 0 0 0 0 0
100 13 0 0 0 0 0 0 0 0
102 13 0 0 0 0 0 0 0 0
133 13 0 0 13 2 2 0 0 0
134 13 0 0 0 0 0 0 0 0
135 13 0 0 0 0 0 0 0 0
136 13 0 0 0 0 0 0 0 0
137 13 0 0 0 0 0 0 0 0
138 7 0 0 0 0 0 0 0 0
140 7 0 0 7 0 0 0 0 0
144 6 0 0 0 0 0 0 0 0
145 6 0 0 6 0 0 0 0 0
146 6 0 0 6 0 0 0 0 0
147 6 0 0 6 1 1 0 0 0
148 6 1 1 0 0 0 0 0 0
149 6 0 0 0 0 0 0 0 0
150 6 0 0 0 0 0 0 0 0
151 6 0 0 0 0 0 0 0 0
152 6 0 0 0 0 0 0 0 0
153 6 0 0 0 0 0 0 0 0
154 6 0 0 0 0 0 0 0 0
155 6 0 0 0 0 0 0 0 0
160 42 0 0 3 0 0 0 0 0
234 3 1 1 3 0 0 0 0 0
235 3 0 0 3 0 0 0 0 0
236 3 0 0 3 0 0 0 0 0
237 3 1 1 3 0 0 0 0 0
238 3 0 0 0 0 0 0 0 0
239 3 0 0 0 0 0 0 0 0
240 3 0 0 0 0 0 0 0 0
241 3 0 0 0 0 0 0 0 0
257 3 1 1 0 0 0 0 0 0
259 3 0 0 0 0 0 0 0 0
260 42 1 1 12 0 0 0 0 0
262 3 0 0 0 0 0 0 0 0
263 3 0 0 0 0 0 0 0 0
264 3 0 0 0 0 0 0 0 0
266 3 0 0 3 0 0 0 0 0
fl=./string/../sysdeps/x86_64/multiarch/strlen.c
fn=strlen
29 2 0 0 1 0 0 0 0 0
fl=./string/../sysdeps/x86_64/multiarch/strncase.c
fn=strncasecmp
31 1 1 1 1 0 0 0 0 0
fl=./string/../sysdeps/x86_64/multiarch/strncase_l.c
fn=strncasecmp_l
31 1 1 1 1 0 0 0 0 0
fl=./string/../sysdeps/x86_64/multiarch/strncmp.c
fn=strncmp
41 2 0 0 0 0 0 0 0 0
42 4 1 1 2 0 0 0 0 0
44 2 1 1 0 0 0 0 0 0
45 2 1 1 1 0 0 0 0 0
46 3 0 0 1 0 0 0 0 0
50 3 0 0 0 0 0 0 0 0
53 4 0 0 1 0 0 0 0 0
67 2 0 0 1 0 0 0 0 0
fl=./string/../sysdeps/x86_64/multiarch/strncpy.c
fn=strncpy
29 1 0 0 1 0 0 0 0 0
fl=./string/../sysdeps/x86_64/multiarch/strnlen.c
fn=strnlen
31 4 0 0 2 0 0 0 0 0
fl=./string/../sysdeps/x86_64/multiarch/strpbrk.c
fn=strpbrk
29 1 0 0 1 0 0 0 0 0
fl=./string/../sysdeps/x86_64/multiarch/strrchr-avx2.S
fn=__strrchr_avx2
47 1 1 1 0 0 0 0 0 0
48 1 0 0 0 0 0 0 0 0
50 1 0 0 0 0 0 0 0 0
51 1 0 0 0 0 0 0 0 0
54 1 1 1 0 0 0 0 0 0
55 1 0 0 0 0 0 0 0 0
56 1 0 0 0 0 0 0 0 0
89 1 1 1 0 0 0 0 0 0
90 1 0 0 0 0 0 0 0 0
91 1 0 0 1 1 1 0 0 0
92 1 0 0 0 0 0 0 0 0
93 1 0 0 0 0 0 0 0 0
94 1 0 0 0 0 0 0 0 0
95 1 0 0 0 0 0 0 0 0
96 1 0 0 0 0 0 0 0 0
97 1 0 0 0 0 0 0 0 0
98 1 1 1 0 0 0 0 0 0
101 1 0 0 0 0 0 0 0 0
102 1 0 0 0 0 0 0 0 0
111 1 0 0 0 0 0 0 0 0
112 1 0 0 0 0 0 0 0 0
210 1 1 1 0 0 0 0 0 0
211 1 0 0 0 0 0 0 0 0
219 1 0 0 0 0 0 0 0 0
220 1 0 0 0 0 0 0 0 0
221 1 0 0 0 0 0 0 0 0
222 1 0 0 0 0 0 0 0 0
223 1 0 0 0 0 0 0 0 0
225 1 0 0 0 0 0 0 0 0
226 1 0 0 0 0 0 0 0 0
227 1 0 0 0 0 0 0 0 0
228 2 0 0 1 0 0 0 0 0
fl=./string/../sysdeps/x86_64/multiarch/strrchr.c
fn=rindex
28 2 1 1 1 0 0 0 0 0
fl=./string/../sysdeps/x86_64/multiarch/strspn.c
fn=strspn
29 1 0 0 1 0 0 0 0 0
fl=./string/../sysdeps/x86_64/strcmp.S
fn=strcmp
144 132 1 1 0 0 0 0 0 0
145 132 0 0 0 0 0 0 0 0
147 132 0 0 0 0 0 0 0 0
148 132 0 0 0 0 0 0 0 0
169 132 0 0 0 0 0 0 0 0
170 132 0 0 0 0 0 0 0 0
171 58 0 0 0 0 0 0 0 0
172 58 0 0 0 0 0 0 0 0
173 46 0 0 46 5 5 0 0 0
174 46 0 0 46 1 1 0 0 0
175 46 0 0 46 0 0 0 0 0
176 46 0 0 46 0 0 0 0 0
197 46 0 0 0 0 0 0 0 0
198 46 0 0 0 0 0 0 0 0
199 46 1 1 0 0 0 0 0 0
200 46 0 0 0 0 0 0 0 0
201 46 0 0 0 0 0 0 0 0
202 46 0 0 0 0 0 0 0 0
203 46 0 0 0 0 0 0 0 0
208 4 0 0 0 0 0 0 0 0
209 4 0 0 0 0 0 0 0 0
218 90 0 0 0 0 0 0 0 0
219 90 0 0 0 0 0 0 0 0
220 90 0 0 0 0 0 0 0 0
221 90 0 0 0 0 0 0 0 0
222 90 0 0 0 0 0 0 0 0
223 90 0 0 0 0 0 0 0 0
224 90 0 0 0 0 0 0 0 0
225 90 0 0 0 0 0 0 0 0
226 26 0 0 0 0 0 0 0 0
227 15 0 0 0 0 0 0 0 0
228 15 0 0 0 0 0 0 0 0
229 15 0 0 0 0 0 0 0 0
231 26 1 1 0 0 0 0 0 0
232 26 0 0 0 0 0 0 0 0
233 26 0 0 0 0 0 0 0 0
234 26 0 0 26 6 2 0 0 0
235 26 0 0 0 0 0 0 0 0
236 26 0 0 0 0 0 0 0 0
246 64 0 0 64 1 0 0 0 0
247 64 0 0 0 0 0 0 0 0
248 64 0 0 0 0 0 0 0 0
250 64 0 0 64 0 0 0 0 0
256 64 0 0 0 0 0 0 0 0
257 64 0 0 0 0 0 0 0 0
258 64 0 0 0 0 0 0 0 0
259 64 0 0 0 0 0 0 0 0
260 64 1 1 0 0 0 0 0 0
265 64 0 0 0 0 0 0 0 0
267 64 0 0 0 0 0 0 0 0
268 64 0 0 0 0 0 0 0 0
269 128 0 0 0 0 0 0 0 0
277 64 0 0 64 1 0 0 0 0
278 64 0 0 64 1 1 0 0 0
281 64 0 0 0 0 0 0 0 0
282 64 0 0 0 0 0 0 0 0
283 64 0 0 0 0 0 0 0 0
284 64 0 0 0 0 0 0 0 0
285 64 0 0 0 0 0 0 0 0
286 64 1 1 0 0 0 0 0 0
821 3 1 1 0 0 0 0 0 0
822 3 0 0 3 0 0 0 0 0
823 3 0 0 3 0 0 0 0 0
824 3 0 0 0 0 0 0 0 0
825 3 0 0 0 0 0 0 0 0
827 3 0 0 0 0 0 0 0 0
828 3 0 0 0 0 0 0 0 0
829 3 0 0 0 0 0 0 0 0
830 3 0 0 0 0 0 0 0 0
831 3 0 0 0 0 0 0 0 0
832 3 0 0 0 0 0 0 0 0
833 3 0 0 0 0 0 0 0 0
834 3 0 0 3 0 0 0 0 0
838 3 0 0 0 0 0 0 0 0
839 3 0 0 0 0 0 0 0 0
840 3 1 1 0 0 0 0 0 0
846 3 0 0 0 0 0 0 0 0
847 3 0 0 0 0 0 0 0 0
848 6 0 0 0 0 0 0 0 0
852 3 0 0 0 0 0 0 0 0
853 3 0 0 0 0 0 0 0 0
856 3 0 0 3 0 0 0 0 0
857 3 0 0 3 0 0 0 0 0
858 3 0 0 0 0 0 0 0 0
861 3 0 0 0 0 0 0 0 0
862 3 1 1 0 0 0 0 0 0
863 3 0 0 0 0 0 0 0 0
869 3 0 0 0 0 0 0 0 0
870 3 0 0 0 0 0 0 0 0
871 3 0 0 0 0 0 0 0 0
872 3 0 0 0 0 0 0 0 0
873 3 0 0 0 0 0 0 0 0
874 3 0 0 0 0 0 0 0 0
946 1 1 1 0 0 0 0 0 0
947 1 0 0 1 0 0 0 0 0
948 1 0 0 1 1 1 0 0 0
949 1 0 0 0 0 0 0 0 0
950 1 0 0 0 0 0 0 0 0
952 1 0 0 0 0 0 0 0 0
953 1 0 0 0 0 0 0 0 0
954 1 0 0 0 0 0 0 0 0
955 1 0 0 0 0 0 0 0 0
956 1 0 0 0 0 0 0 0 0
957 1 0 0 0 0 0 0 0 0
958 1 0 0 0 0 0 0 0 0
959 1 0 0 1 0 0 0 0 0
963 1 0 0 0 0 0 0 0 0
964 1 0 0 0 0 0 0 0 0
965 1 1 1 0 0 0 0 0 0
971 1 0 0 0 0 0 0 0 0
972 1 0 0 0 0 0 0 0 0
973 2 0 0 0 0 0 0 0 0
977 1 0 0 0 0 0 0 0 0
978 1 0 0 0 0 0 0 0 0
981 1 0 0 1 0 0 0 0 0
982 1 0 0 1 0 0 0 0 0
983 1 0 0 0 0 0 0 0 0
986 1 0 0 0 0 0 0 0 0
987 1 1 1 0 0 0 0 0 0
988 1 0 0 0 0 0 0 0 0
994 1 0 0 0 0 0 0 0 0
995 1 0 0 0 0 0 0 0 0
996 1 0 0 0 0 0 0 0 0
997 1 0 0 0 0 0 0 0 0
998 1 0 0 0 0 0 0 0 0
999 1 0 0 0 0 0 0 0 0
1006 1 0 0 0 0 0 0 0 0
1007 1 0 0 0 0 0 0 0 0
1009 1 0 0 0 0 0 0 0 0
1010 1 0 0 0 0 0 0 0 0
1012 1 0 0 1 1 1 0 0 0
1013 1 0 0 1 0 0 0 0 0
1014 1 0 0 0 0 0 0 0 0
1017 1 1 1 0 0 0 0 0 0
1018 1 0 0 0 0 0 0 0 0
1019 1 0 0 0 0 0 0 0 0
1025 1 0 0 0 0 0 0 0 0
1026 1 0 0 0 0 0 0 0 0
1027 1 0 0 0 0 0 0 0 0
1028 1 0 0 0 0 0 0 0 0
1029 1 0 0 0 0 0 0 0 0
1030 1 0 0 0 0 0 0 0 0
1196 1 1 1 0 0 0 0 0 0
1197 1 0 0 1 1 1 0 0 0
1198 1 0 0 1 0 0 0 0 0
1199 1 0 0 0 0 0 0 0 0
1200 1 0 0 0 0 0 0 0 0
1202 1 0 0 0 0 0 0 0 0
1203 1 0 0 0 0 0 0 0 0
1204 1 0 0 0 0 0 0 0 0
1205 1 0 0 0 0 0 0 0 0
1206 1 0 0 0 0 0 0 0 0
1207 1 0 0 0 0 0 0 0 0
1208 1 0 0 0 0 0 0 0 0
1209 1 0 0 1 0 0 0 0 0
1213 1 0 0 0 0 0 0 0 0
1214 1 0 0 0 0 0 0 0 0
1215 1 1 1 0 0 0 0 0 0
1221 1 0 0 0 0 0 0 0 0
1222 1 0 0 0 0 0 0 0 0
1223 2 0 0 0 0 0 0 0 0
1227 1 0 0 0 0 0 0 0 0
1228 1 0 0 0 0 0 0 0 0
1231 1 0 0 1 0 0 0 0 0
1232 1 0 0 1 1 1 0 0 0
1233 1 0 0 0 0 0 0 0 0
1236 1 0 0 0 0 0 0 0 0
1237 1 1 1 0 0 0 0 0 0
1238 1 0 0 0 0 0 0 0 0
1244 1 0 0 0 0 0 0 0 0
1245 1 0 0 0 0 0 0 0 0
1246 1 0 0 0 0 0 0 0 0
1247 1 0 0 0 0 0 0 0 0
1248 1 0 0 0 0 0 0 0 0
1249 1 0 0 0 0 0 0 0 0
1446 1 1 1 0 0 0 0 0 0
1447 1 0 0 1 0 0 0 0 0
1448 1 0 0 1 0 0 0 0 0
1449 1 0 0 0 0 0 0 0 0
1450 1 0 0 0 0 0 0 0 0
1452 1 0 0 0 0 0 0 0 0
1453 1 0 0 0 0 0 0 0 0
1454 1 0 0 0 0 0 0 0 0
1455 1 0 0 0 0 0 0 0 0
1456 1 0 0 0 0 0 0 0 0
1457 1 0 0 0 0 0 0 0 0
1458 1 0 0 0 0 0 0 0 0
1459 1 0 0 1 0 0 0 0 0
1463 1 0 0 0 0 0 0 0 0
1464 1 0 0 0 0 0 0 0 0
1465 1 1 1 0 0 0 0 0 0
1471 1 0 0 0 0 0 0 0 0
1472 1 0 0 0 0 0 0 0 0
1473 2 0 0 0 0 0 0 0 0
1477 1 0 0 0 0 0 0 0 0
1478 1 0 0 0 0 0 0 0 0
1481 1 0 0 1 0 0 0 0 0
1482 1 0 0 1 0 0 0 0 0
1483 1 0 0 0 0 0 0 0 0
1486 1 0 0 0 0 0 0 0 0
1487 1 1 1 0 0 0 0 0 0
1488 1 0 0 0 0 0 0 0 0
1494 1 0 0 0 0 0 0 0 0
1495 1 0 0 0 0 0 0 0 0
1496 1 0 0 0 0 0 0 0 0
1497 1 0 0 0 0 0 0 0 0
1498 1 0 0 0 0 0 0 0 0
1499 1 0 0 0 0 0 0 0 0
1571 4 1 1 0 0 0 0 0 0
1572 4 0 0 4 0 0 0 0 0
1573 4 0 0 4 0 0 0 0 0
1574 4 0 0 0 0 0 0 0 0
1575 4 0 0 0 0 0 0 0 0
1577 4 0 0 0 0 0 0 0 0
1578 4 0 0 0 0 0 0 0 0
1579 4 0 0 0 0 0 0 0 0
1580 4 0 0 0 0 0 0 0 0
1581 4 0 0 0 0 0 0 0 0
1582 4 0 0 0 0 0 0 0 0
1583 4 0 0 0 0 0 0 0 0
1584 4 0 0 4 0 0 0 0 0
1588 4 0 0 0 0 0 0 0 0
1589 4 0 0 0 0 0 0 0 0
1590 4 1 1 0 0 0 0 0 0
1596 4 0 0 0 0 0 0 0 0
1597 4 0 0 0 0 0 0 0 0
1598 8 0 0 0 0 0 0 0 0
1602 4 0 0 0 0 0 0 0 0
1603 4 0 0 0 0 0 0 0 0
1606 4 0 0 4 0 0 0 0 0
1607 4 0 0 4 0 0 0 0 0
1608 4 0 0 0 0 0 0 0 0
1611 4 0 0 0 0 0 0 0 0
1612 4 1 1 0 0 0 0 0 0
1613 4 0 0 0 0 0 0 0 0
1619 4 0 0 0 0 0 0 0 0
1620 4 0 0 0 0 0 0 0 0
1621 4 0 0 0 0 0 0 0 0
1622 4 0 0 0 0 0 0 0 0
1623 4 0 0 0 0 0 0 0 0
1624 4 0 0 0 0 0 0 0 0
1696 3 1 1 0 0 0 0 0 0
1697 3 0 0 3 0 0 0 0 0
1698 3 0 0 3 1 1 0 0 0
1699 3 0 0 0 0 0 0 0 0
1700 3 0 0 0 0 0 0 0 0
1702 3 0 0 0 0 0 0 0 0
1703 3 0 0 0 0 0 0 0 0
1704 3 0 0 0 0 0 0 0 0
1705 3 0 0 0 0 0 0 0 0
1706 3 0 0 0 0 0 0 0 0
1707 3 0 0 0 0 0 0 0 0
1708 3 0 0 0 0 0 0 0 0
1709 2 0 0 2 0 0 0 0 0
1713 2 0 0 0 0 0 0 0 0
1714 2 0 0 0 0 0 0 0 0
1715 2 1 1 0 0 0 0 0 0
1721 2 0 0 0 0 0 0 0 0
1722 2 0 0 0 0 0 0 0 0
1723 4 0 0 0 0 0 0 0 0
1727 2 0 0 0 0 0 0 0 0
1728 2 0 0 0 0 0 0 0 0
1731 2 0 0 2 1 1 0 0 0
1732 2 0 0 2 0 0 0 0 0
1733 2 0 0 0 0 0 0 0 0
1736 2 0 0 0 0 0 0 0 0
1737 2 1 1 0 0 0 0 0 0
1738 2 0 0 0 0 0 0 0 0
1744 2 0 0 0 0 0 0 0 0
1745 2 0 0 0 0 0 0 0 0
1746 2 0 0 0 0 0 0 0 0
1747 2 0 0 0 0 0 0 0 0
1748 2 0 0 0 0 0 0 0 0
1749 2 0 0 0 0 0 0 0 0
1821 10 1 1 0 0 0 0 0 0
1822 10 0 0 10 2 2 0 0 0
1823 10 0 0 10 1 1 0 0 0
1824 10 0 0 0 0 0 0 0 0
1825 10 0 0 0 0 0 0 0 0
1827 10 0 0 0 0 0 0 0 0
1828 10 0 0 0 0 0 0 0 0
1829 10 0 0 0 0 0 0 0 0
1830 10 0 0 0 0 0 0 0 0
1831 10 0 0 0 0 0 0 0 0
1832 10 0 0 0 0 0 0 0 0
1833 10 0 0 0 0 0 0 0 0
1834 10 0 0 10 0 0 0 0 0
1838 10 0 0 0 0 0 0 0 0
1839 10 0 0 0 0 0 0 0 0
1840 10 1 1 0 0 0 0 0 0
1846 10 0 0 0 0 0 0 0 0
1847 10 0 0 0 0 0 0 0 0
1848 20 0 0 0 0 0 0 0 0
1852 10 0 0 0 0 0 0 0 0
1853 10 0 0 0 0 0 0 0 0
1856 10 0 0 10 1 1 0 0 0
1857 10 0 0 10 0 0 0 0 0
1858 10 0 0 0 0 0 0 0 0
1861 10 0 0 0 0 0 0 0 0
1862 10 1 1 0 0 0 0 0 0
1863 10 0 0 0 0 0 0 0 0
1869 10 0 0 0 0 0 0 0 0
1870 10 0 0 0 0 0 0 0 0
1871 10 0 0 0 0 0 0 0 0
1872 10 0 0 0 0 0 0 0 0
1873 10 0 0 0 0 0 0 0 0
1874 10 0 0 0 0 0 0 0 0
2071 3 1 1 0 0 0 0 0 0
2072 3 0 0 3 0 0 0 0 0
2073 3 0 0 3 0 0 0 0 0
2074 3 0 0 0 0 0 0 0 0
2075 3 0 0 0 0 0 0 0 0
2077 3 0 0 0 0 0 0 0 0
2078 3 0 0 0 0 0 0 0 0
2079 3 0 0 0 0 0 0 0 0
2080 3 0 0 0 0 0 0 0 0
2081 3 0 0 0 0 0 0 0 0
2082 3 0 0 0 0 0 0 0 0
2083 3 0 0 0 0 0 0 0 0
2085 3 0 0 3 0 0 0 0 0
2089 3 0 0 0 0 0 0 0 0
2090 3 0 0 0 0 0 0 0 0
2091 3 1 1 0 0 0 0 0 0
2097 3 0 0 0 0 0 0 0 0
2098 3 0 0 0 0 0 0 0 0
2100 6 0 0 0 0 0 0 0 0
2104 3 0 0 0 0 0 0 0 0
2105 3 0 0 0 0 0 0 0 0
2108 3 0 0 3 0 0 0 0 0
2109 3 0 0 3 0 0 0 0 0
2110 3 0 0 0 0 0 0 0 0
2113 3 0 0 0 0 0 0 0 0
2114 3 1 1 0 0 0 0 0 0
2115 3 0 0 0 0 0 0 0 0
2121 3 0 0 0 0 0 0 0 0
2122 3 0 0 0 0 0 0 0 0
2123 3 0 0 0 0 0 0 0 0
2124 3 0 0 0 0 0 0 0 0
2125 3 0 0 0 0 0 0 0 0
2126 3 0 0 0 0 0 0 0 0
2200 89 0 0 0 0 0 0 0 0
2202 90 0 0 0 0 0 0 0 0
2203 90 0 0 0 0 0 0 0 0
2204 90 0 0 0 0 0 0 0 0
2205 90 0 0 0 0 0 0 0 0
2206 30 0 0 0 0 0 0 0 0
2211 132 1 1 0 0 0 0 0 0
2217 132 0 0 132 0 0 0 0 0
2218 132 0 0 132 0 0 0 0 0
2226 132 0 0 0 0 0 0 0 0
2227 132 0 0 132 0 0 0 0 0
fl=./string/../sysdeps/x86_64/strcspn.S
fn=strcspn
30 1 1 1 0 0 0 0 0 0
37 1 0 0 0 0 0 0 0 0
38 1 0 0 0 0 0 0 0 0
40 1 0 0 0 0 0 0 0 0
41 1 0 0 0 0 0 0 0 0
42 1 0 0 0 0 0 0 0 0
43 1 0 0 0 0 0 0 0 0
44 33 0 0 0 0 0 32 4 4
47 2 0 0 0 0 0 0 0 0
54 1 0 0 1 1 1 0 0 0
55 1 0 0 0 0 0 0 0 0
56 1 0 0 0 0 0 0 0 0
57 1 0 0 0 0 0 1 0 0
59 1 0 0 1 0 0 0 0 0
60 1 0 0 0 0 0 0 0 0
61 1 1 1 0 0 0 0 0 0
62 1 0 0 0 0 0 1 0 0
64 1 0 0 1 0 0 0 0 0
65 1 0 0 0 0 0 0 0 0
66 1 0 0 0 0 0 0 0 0
75 3 0 0 0 0 0 0 0 0
87 17 0 0 0 0 0 0 0 0
89 17 0 0 17 0 0 0 0 0
90 17 0 0 17 0 0 0 0 0
91 17 0 0 0 0 0 0 0 0
93 16 0 0 16 1 1 0 0 0
94 16 0 0 16 0 0 0 0 0
95 16 0 0 0 0 0 0 0 0
97 16 0 0 16 0 0 0 0 0
98 16 0 0 16 0 0 0 0 0
99 16 0 0 0 0 0 0 0 0
101 16 0 0 16 0 0 0 0 0
102 16 0 0 16 0 0 0 0 0
103 16 0 0 0 0 0 0 0 0
109 1 0 0 0 0 0 0 0 0
116 1 0 0 0 0 0 0 0 0
120 1 0 0 1 0 0 0 0 0
fl=./string/strdup.c
fn=strdup
40 12 1 1 0 0 0 6 0 0
41 6 0 0 0 0 0 3 0 0
42 6 0 0 0 0 0 3 0 0
44 6 0 0 0 0 0 0 0 0
47 12 0 0 0 0 0 0 0 0
48 9 0 0 6 0 0 0 0 0
fl=./wcsmbs/../sysdeps/x86_64/multiarch/ifunc-avx2.h
fn=wcschr
32 4 0 0 0 0 0 0 0 0
33 10 1 1 4 0 0 0 0 0
35 4 0 0 0 0 0 0 0 0
36 4 1 1 2 0 0 0 0 0
37 6 0 0 2 0 0 0 0 0
40 6 0 0 0 0 0 0 0 0
43 8 0 0 2 0 0 0 0 0
fn=wcscmp
32 2 0 0 0 0 0 0 0 0
33 5 1 1 2 0 0 0 0 0
35 2 0 0 0 0 0 0 0 0
36 2 1 1 1 0 0 0 0 0
37 3 0 0 1 0 0 0 0 0
40 3 0 0 0 0 0 0 0 0
43 4 0 0 1 0 0 0 0 0
fn=wmemchr
32 4 0 0 0 0 0 0 0 0
33 10 2 2 4 0 0 0 0 0
35 4 0 0 0 0 0 0 0 0
36 4 0 0 2 0 0 0 0 0
37 6 0 0 2 0 0 0 0 0
40 6 0 0 0 0 0 0 0 0
43 8 0 0 2 0 0 0 0 0
fl=./wcsmbs/../sysdeps/x86_64/multiarch/ifunc-memcmp.h
fn=wmemcmp
34 4 1 1 2 0 0 0 0 0
35 3 0 0 1 0 0 0 0 0
36 3 1 1 1 0 0 0 0 0
38 2 0 0 0 0 0 0 0 0
39 3 0 0 0 0 0 0 0 0
42 3 0 0 1 0 0 0 0 0
45 3 0 0 0 0 0 0 0 0
fl=./wcsmbs/../sysdeps/x86_64/multiarch/ifunc-wcslen.h
fn=wcslen
33 4 2 2 2 0 0 0 0 0
34 3 0 0 1 0 0 0 0 0
35 3 0 0 1 0 0 0 0 0
37 2 0 0 0 0 0 0 0 0
38 3 0 0 0 0 0 0 0 0
41 3 0 0 0 0 0 0 0 0
44 3 1 1 0 0 0 0 0 0
fn=wcsnlen
33 4 2 2 2 0 0 0 0 0
34 3 0 0 1 0 0 0 0 0
35 3 0 0 1 0 0 0 0 0
37 2 0 0 0 0 0 0 0 0
38 3 0 0 0 0 0 0 0 0
41 3 0 0 0 0 0 0 0 0
44 3 1 1 0 0 0 0 0 0
fl=./wcsmbs/../sysdeps/x86_64/multiarch/ifunc-wmemset.h
fn=wmemset
33 4 0 0 0 0 0 0 0 0
34 10 2 2 4 0 0 0 0 0
36 4 0 0 2 0 0 0 0 0
44 6 0 0 2 0 0 0 0 0
47 8 0 0 2 0 0 0 0 0
fl=./wcsmbs/../sysdeps/x86_64/multiarch/wcschr.c
fn=wcschr
31 4 0 0 2 0 0 0 0 0
fl=./wcsmbs/../sysdeps/x86_64/multiarch/wcscmp.c
fn=wcscmp
30 2 1 1 1 0 0 0 0 0
fl=./wcsmbs/../sysdeps/x86_64/multiarch/wcscpy.c
fn=wcscpy
37 5 0 0 2 0 0 0 0 0
43 1 0 0 1 0 0 0 0 0
fl=./wcsmbs/../sysdeps/x86_64/multiarch/wcslen.c
fn=wcslen
29 1 0 0 1 0 0 0 0 0
fl=./wcsmbs/../sysdeps/x86_64/multiarch/wcsnlen.c
fn=wcsnlen
29 1 0 0 1 0 0 0 0 0
fl=./wcsmbs/../sysdeps/x86_64/multiarch/wmemchr.c
fn=wmemchr
31 4 1 1 2 0 0 0 0 0
fl=./wcsmbs/../sysdeps/x86_64/multiarch/wmemcmp.c
fn=wmemcmp
29 1 0 0 1 0 0 0 0 0
fl=./wcsmbs/../sysdeps/x86_64/multiarch/wmemset.c
fn=wmemset
31 2 0 0 2 0 0 0 0 0
fl=/home/alumnos/a0452172/lab3/loop_merge.cpp
fn=main
1 3 0 0 0 0 0 1 0 0
2 1 0 0 0 0 0 1 0 0
9 400003 1 1 200001 0 0 1 0 0
10 1000000 0 0 500000 12502 12502 100000 6250 6250
12 400003 1 1 200001 0 0 1 0 0
13 1000000 0 0 500000 12501 12501 100000 6250 6250
15 3 0 0 2 0 0 0 0 0
fl=???
fn=???
0 133 16 16 63 5 4 11 1 1
fn=__libc_csu_init
0 33 2 2 8 0 0 8 0 0
fn=_start
0 11 1 1 2 0 0 3 0 0
summary: 2926400 857 856 1430105 26319 26203 211329 13060 13045
